5000
32 116
104 101
32 97
111 117
32 115
32 109
105 110
32 119
114 101
104 97
110 100
256 257
32 98
105 115
111 114
32 102
101 114
108 108
105 116
111 110
32 100
32 99
101 115
101 110
32 110
32 108
32 121
256 104
97 114
32 104
32 111
256 111
282 259
32 112
265 116
32 73
32 257
118 101
111 116
115 116
258 266
111 119
262 103
97 110
286 102
111 109
32 103
97 116
268 101
115 101
261 121
32 262
99 101
32 265
108 101
97 121
108 100
105 114
101 116
101 100
117 116
261 101
105 109
274 104
39 115
280 294
99 104
256 290
32 269
103 104
65 266
271 270
107 101
32 117
259 114
263 101
111 111
105 273
32 101
257 114
263 319
279 116
32 274
288 114
97 100
114 105
283 259
260 116
39 100
32 107
301 101
285 269
325 116
69 78
270 100
105 100
84 257
97 115
32 264
309 293
73 78
108 121
114 97
281 105
285 318
117 114
283 269
97 108
73 79
260 111
258 115
276 101
32 275
111 264
114 111
65 82
104 105
259 312
332 100
99 107
97 262
118 272
278 116
283 121
260 265
278 115
101 97
276 111
263 333
97 109
280 111
268 316
117 115
97 266
85 83
105 102
260 101
103 101
84 104
258 273
97 328
260 117
84 111
292 114
114 117
105 275
116 104
258 110
116 272
284 100
281 111
265 110
101 273
101 284
260 112
267 101
32 330
271 97
380 273
268 121
85 67
105 108
258 264
356 71
32 67
114 301
280 101
104 111
345 110
65 78
32 82
84 290
32 118
69 82
79 82
97 295
99 116
259 115
263 290
105 348
260 104
117 108
32 39
69 84
299 116
69 83
329 112
305 108
113 117
66 316
284 116
302 374
114 297
262 101
303 104
281 350
372 322
110 116
117 295
39 273
275 101
289 114
277 301
258 116
261 299
32 77
87 290
263 257
32 69
75 419
258 109
101 266
105 99
277 275
98 310
114 121
275 103
105 101
105 293
268 108
271 421
118 279
32 71
70 270
260 257
101 109
302 111
97 264
261 369
73 67
259 116
267 109
97 117
263 353
294 104
294 335
72 101
260 313
111 108
280 297
32 76
32 290
32 391
111 295
76 79
262 100
267 264
263 373
424 297
277 299
272 115
73 390
101 112
443 102
371 68
303 335
102 101
111 266
264 115
303 101
260 311
292 264
406 293
260 119
267 313
268 114
32 270
112 112
32 83
45 45
97 273
256 407
267 110
345 298
329 115
32 79
32 66
267 121
258 114
111 100
77 121
281 314
329 110
105 103
263 270
117 264
262 107
32 72
270 116
32 86
104 121
385 101
102 369
65 115
261 311
101 108
32 444
277 346
332 107
87 257
269 104
76 73
331 273
75 69
118 278
32 106
368 101
497 104
313 295
89 259
261 396
264 303
97 107
103 376
261 454
259 266
110 103
302 358
331 264
285 111
99 105
392 101
359 328
117 101
382 107
84 364
436 373
274 121
289 370
32 80
260 97
261 340
117 109
289 108
271 511
82 79
65 85
309 100
276 351
112 101
318 101
442 275
105 308
79 78
287 111
279 308
32 87
119 405
269 116
367 450
297 110
32 279
109 299
111 305
117 110
73 83
102 437
110 308
32 114
289 111
410 580
100 101
337 310
32 486
105 111
112 116
263 452
485 72
271 341
79 76
68 85
258 569
626 559
285 297
69 76
32 65
105 375
256 400
292 446
282 314
309 266
67 65
394 259
377 121
623 510
349 581
87 319
539 110
260 346
299 308
263 423
87 452
73 102
463 110
105 278
261 284
105 264
261 449
285 275
265 114
270 110
300 102
262 308
356 67
32 89
73 110
97 375
260 275
276 269
258 108
39 116
87 101
117 322
119 110
292 97
70 564
111 121
256 596
292 284
65 66
101 99
397 322
110 381
76 65
521 491
79 102
475 374
274 335
258 98
85 69
87 546
267 305
78 111
302 474
271 111
276 311
291 73
334 284
426 640
32 370
84 429
269 101
334 120
359 512
394 269
101 314
256 408
83 111
281 554
283 542
416 72
259 108
263 350
334 121
463 264
97 103
97 393
101 279
116 335
71 500
256 396
416 441
624 467
715 717
719 696
101 102
272 118
340 121
448 110
276 278
298 115
97 293
110 294
302 618
361 305
32 341
72 297
82 89
97 305
81 685
119 311
659 641
735 349
281 382
116 269
531 70
534 116
261 499
555 264
654 330
76 425
261 668
260 108
263 284
271 108
361 110
587 101
109 337
78 297
309 295
256 119
271 409
32 84
304 116
349 733
488 348
73 115
76 69
98 272
102 102
478 535
259 325
293 100
268 264
99 99
297 272
422 377
545 737
32 75
66 101
97 112
105 325
302 567
413 313
87 423
101 101
116 310
261 279
270 448
277 259
422 119
426 346
431 272
117 328
105 122
111 312
430 75
289 446
303 401
356 507
115 115
264 101
351 101
79 114
277 526
112 310
403 121
670 477
258 100
458 109
73 116
89 330
343 389
505 728
633 101
68 87
280 547
304 279
409 115
811 510
277 108
289 264
519 701
44 525
276 490
457 311
104 298
80 439
85 77
386 470
76 416
77 349
84 72
286 669
289 310
353 115
32 68
259 305
289 272
65 121
67 346
117 273
352 264
263 114
276 456
391 101
97 119
256 114
263 311
286 714
292 340
317 299
108 105
264 100
555 110
100 603
280 270
69 79
77 853
260 99
260 707
289 514
591 854
97 308
118 298
280 435
304 284
349 507
376 116
420 108
540 312
827 863
103 272
304 548
488 305
268 490
552 713
112 272
352 110
761 272
82 706
111 375
277 372
492 264
823 876
880 364
32 639
79 77
97 470
367 340
84 441
32 358
66 121
274 101
32 328
84 407
116 257
32 70
97 98
108 278
276 606
116 111
258 523
306 509
469 116
71 82
72 65
263 104
354 109
496 350
534 109
283 388
364 746
417 116
430 908
910 390
67 911
83 676
739 293
913 513
304 298
432 401
464 851
78 270
115 119
329 453
514 115
573 308
108 381
304 103
709 278
66 65
108 389
261 491
114 299
261 97
286 312
32 318
356 65
464 815
274 790
936 279
112 115
281 472
334 377
461 284
359 293
878 312
76 314
109 101
263 841
83 257
258 736
354 112
692 73
263 301
615 270
718 115
99 346
102 270
119 632
258 102
261 435
266 272
343 311
382 308
107 115
259 100
276 473
303 322
310 100
32 74
32 400
284 956
458 278
469 115
277 724
297 115
460 121
289 101
84 269
265 273
269 275
281 101
660 792
108 111
117 375
269 115
285 833
309 114
342 348
354 295
611 675
630 679
988 989
105 299
272 99
277 330
32 337
82 425
359 101
99 257
260 314
74 85
119 408
270 115
303 404
557 439
599 886
602 969
763 1004
999 1003
78 311
262 116
274 782
276 875
302 456
759 404
77 73
114 440
259 348
457 658
68 89
72 269
256 472
263 274
321 822
67 69
86 625
349 1023
679 1018
66 82
84 65
99 108
105 315
890 508
71 111
87 408
99 278
105 433
111 115
260 310
354 115
655 100
786 115
83 485
102 116
105 272
256 341
261 111
264 116
275 116
283 609
302 341
332 108
610 101
1041 795
78 294
281 1010
451 115
627 295
102 350
268 378
285 330
292 613
405 275
568 278
108 305
258 770
305 100
413 308
437 116
690 273
79 110
101 119
117 100
284 107
288 572
334 266
270 107
283 298
343 333
345 501
473 312
83 84
289 341
289 361
363 107
394 121
458 112
826 364
97 310
262 115
272 116
289 316
289 771
291 86
468 1039
756 111
277 265
360 509
80 370
262 381
271 564
289 961
302 117
334 1063
341 315
367 284
576 433
83 313
97 417
116 121
353 275
372 310
397 98
921 111
105 310
114 311
256 333
260 109
316 121
82 73
90 675
101 432
256 358
268 351
268 662
276 264
285 388
439 72
464 557
502 548
693 402
708 115
785 453
1119 1126
1127 1132
72 727
98 389
105 388
109 279
111 801
121 363
271 501
277 373
1020 579
270 305
281 723
283 449
422 315
660 1075
72 760
103 314
116 119
256 264
271 408
279 471
285 777
327 402
575 595
77 429
83 116
108 112
285 346
293 264
314 104
392 481
781 322
787 111
1125 1135
67 76
276 789
731 348
32 462
71 69
87 371
87 485
102 544
264 114
268 299
316 104
342 325
545 73
1172 1173
1180 75
85 84
97 322
105 120
261 501
268 358
269 404
277 257
277 655
372 112
543 760
975 1138
78 730
100 115
103 315
420 937
264 110
352 121
543 1153
902 77
73 425
76 439
80 85
101 315
268 341
277 407
281 842
426 1093
436 297
469 102
636 115
1203 1202
69 89
98 101
261 788
263 546
277 111
277 870
302 108
368 308
586 351
933 112
71 374
77 364
83 977
268 535
280 456
433 262
561 672
722 440
65 273
98 116
327 116
521 298
89 314
276 259
303 278
334 639
416 465
1027 1182
1239 1200
1240 390
66 591
66 1241
70 421
84 995
105 314
261 604
289 831
313 100
359 348
419 1243
441 83
532 625
1246 364
1252 559
1254 1256
68 111
87 333
108 116
118 499
263 111
280 303
283 114
695 1139
920 272
80 429
84 611
99 310
256 814
274 115
277 547
284 121
461 371
646 305
830 734
108 102
118 121
270 121
289 1061
370 328
631 110
67 108
71 371
78 69
112 609
268 278
268 672
271 837
284 471
292 405
309 523
367 118
561 454
839 472
857 337
1274 1284
1297 439
65 828
101 551
260 658
261 269
279 115
281 389
281 431
334 264
343 515
589 859
1014 76
98 108
115 389
317 314
329 959
345 333
957 404
72 430
99 337
260 784
274 401
277 483
342 1311
378 121
425 1171
430 68
575 312
901 69
1323 500
67 85
79 361
292 1159
371 934
483 613
903 301
1068 297
75 1299
100 311
271 284
281 381
285 683
308 474
313 116
331 508
380 945
443 560
576 388
607 481
684 486
709 101
1335 1331
105 494
271 363
271 1050
275 115
289 303
361 617
397 110
403 1266
97 313
277 104
353 541
413 273
931 351
76 390
85 110
85 112
259 453
268 388
277 1228
402 121
441 637
497 101
573 1105
729 608
774 298
1049 721
1370 1363
65 110
106 1120
111 293
261 1062
307 897
318 278
343 341
72 450
105 118
105 312
343 264
464 572
951 299
68 706
256 751
285 588
304 108
363 116
383 295
458 1174
468 278
785 110
832 789
993 116
1037 508
1355 1175
1390 1253
76 350
112 335
256 1083
274 270
286 377
1226 121
109 784
263 909
268 117
302 114
316 101
393 981
617 315
941 1345
32 105
73 65
105 601
269 315
304 100
413 1067
459 116
473 293
584 293
589 311
637 1309
865 1332
1428 500
71 535
101 264
105 357
260 571
276 358
299 115
301 314
307 295
331 108
340 101
354 116
367 315
527 107
84 349
260 272
268 111
271 435
307 1416
333 376
423 312
428 111
519 350
1282 1415
1316 1444
1351 305
1454 83
70 1118
83 104
329 305
334 477
365 1161
403 491
573 293
804 118
1097 1261
1152 297
1365 275
1456 364
1457 371
44 39
80 1268
101 363
277 361
309 115
334 109
361 121
595 432
927 1471
1176 556
1233 1051
1478 1028
67 390
67 883
84 625
89 1482
112 108
112 279
259 322
261 992
261 1002
263 440
354 477
366 115
392 266
457 978
512 432
592 1484
614 511
1131 471
1236 1232
1483 795
1497 1485
46 39
65 264
69 477
77 369
263 556
282 814
354 1109
359 278
368 357
371 1025
394 1250
428 1341
843 1177
32 445
87 373
105 270
109 115
111 102
114 645
276 299
289 506
299 121
769 450
906 115
1124 385
1167 1512
1405 100
66 349
77 371
78 430
100 100
100 272
260 337
279 272
302 105
343 358
380 1260
664 99
1024 364
1283 606
1367 1098
1530 1541
65 108
65 116
80 591
83 1267
98 121
257 100
260 279
289 421
575 357
607 767
722 298
805 389
824 364
901 1557
1547 1548
1559 79
105 97
107 279
260 382
263 501
274 116
277 358
281 311
284 115
289 583
303 270
304 97
309 572
343 930
365 312
410 313
413 264
457 963
461 1402
519 409
900 337
1157 1328
1581 581
105 328
276 483
314 272
359 560
367 112
392 99
428 1449
569 295
774 515
826 641
904 481
1263 541
1439 954
80 883
84 119
99 301
117 453
256 467
265 109
271 797
302 264
302 314
307 116
336 262
345 983
378 272
420 346
482 1194
586 119
587 385
746 68
1292 121
1461 643
1596 80
76 934
80 592
97 621
260 722
260 1187
260 1437
265 108
271 707
277 583
377 115
667 264
1287 1164
1618 1617
89 792
105 337
117 305
272 121
276 279
282 1079
283 797
286 450
339 115
513 272
711 579
769 568
847 115
1111 1378
1149 335
1326 1224
1616 1213
32 919
78 1419
79 557
80 1649
88 349
98 1394
121 1652
258 119
261 272
263 1110
268 656
283 726
285 1143
299 99
388 468
425 84
682 121
704 115
721 116
824 1648
848 328
997 115
1024 1666
1650 1651
1670 441
71 599
72 272
114 472
117 112
117 278
256 481
263 262
263 571
271 652
279 868
339 509
397 523
410 111
413 319
419 83
524 1555
931 106
1080 1686
1121 1407
1317 620
1687 608
82 1025
83 311
98 115
98 1281
264 109
276 400
281 385
381 1681
496 592
651 107
805 275
902 1689
943 1197
1089 376
1248 922
1701 1693
66 89
66 429
277 513
304 303
354 444
367 102
428 363
538 1269
838 548
955 109
1688 1322
67 557
70 70
76 554
87 353
258 765
260 262
261 314
281 515
281 1665
287 312
365 275
392 279
586 293
691 115
824 1710
828 1734
1262 101
1388 928
1532 1735
1600 272
1720 1721
1738 1613
73 68
84 396
98 315
101 377
114 298
116 279
260 435
261 275
302 1536
351 278
351 297
383 278
638 325
1441 751
1489 121
1576 1000
32 425
97 99
100 301
109 112
257 115
260 274
260 340
264 108
367 508
404 115
482 312
610 278
651 471
670 1278
690 294
749 1015
967 437
1082 1286
1264 767
1522 868
1758 1285
32 333
65 104
68 351
71 474
80 82
97 318
105 432
109 272
115 111
117 266
118 337
277 423
277 791
280 730
287 1644
302 448
330 115
391 1057
397 264
409 110
637 1212
643 1518
659 69
725 272
753 115
1783 1801
97 122
97 351
99 97
111 1009
256 1382
270 1350
298 1696
308 315
336 486
337 121
366 107
370 796
388 104
406 295
483 1000
494 1811
589 982
949 544
996 393
1393 1425
1575 274
108 298
115 104
120 116
258 313
258 393
259 402
263 303
292 313
314 115
376 115
379 509
391 116
406 796
461 1047
516 115
532 1820
780 305
1069 101
1573 393
65 500
72 340
105 363
110 111
110 272
268 303
277 471
281 1798
308 100
397 765
568 298
693 115
755 101
865 1796
994 567
1293 417
1413 571
1458 373
1523 275
1774 1247
76 1583
87 104
103 278
110 435
261 361
262 315
271 357
287 603
289 431
301 299
310 116
413 295
428 269
488 100
496 117
615 1009
624 284
664 112
748 376
759 119
893 1521
1184 116
1294 598
1538 435
1593 764
32 350
65 1212
70 76
70 1742
73 90
77 311
83 346
260 417
262 97
268 791
277 730
280 409
316 401
343 1674
352 305
420 1891
430 1894
540 1369
552 632
592 1893
618 608
633 295
665 456
725 652
1438 400
1571 1117
1620 598
1892 1906
1909 507
1917 630
67 299
83 69
84 408
86 429
103 115
110 298
115 1190
119 319
256 1488
271 571
274 257
291 115
340 385
354 723
364 78
521 1016
541 100
615 796
758 1653
968 110
985 100
1346 121
1492 393
1750 363
1878 620
32 879
33 39
72 97
105 470
118 111
263 332
276 1117
279 1570
302 1015
307 102
308 621
338 509
385 333
406 305
488 453
504 115
505 295
524 1952
542 115
588 764
651 1103
986 115
1189 393
32 565
65 1590
66 676
67 507
82 640
83 112
99 1608
101 508
103 117
108 259
115 579
117 97
261 656
331 284
341 712
354 340
367 848
410 1204
552 284
584 102
756 1814
808 115
927 1080
947 1529
997 100
1059 115
1210 381
1387 572
1921 1990
1930 101
1996 1201
32 78
79 87
99 381
261 877
271 361
271 369
271 1079
275 278
276 1385
277 284
288 402
289 499
292 273
298 1601
309 1277
332 112
394 388
426 105
494 107
512 917
543 431
561 1071
588 112
698 676
757 612
1398 443
1957 111
66 1934
67 301
68 630
84 333
109 499
112 483
256 272
261 262
263 1046
268 1036
289 284
304 1450
307 99
334 1183
340 115
354 99
367 108
420 1810
494 115
540 107
544 363
634 115
651 1982
725 112
865 1944
937 115
982 2012
1038 494
1531 1971
1839 1640
1977 1974
2026 2028
2035 301
2057 500
32 352
65 736
77 599
77 1932
98 357
102 2017
105 506
110 297
256 274
256 279
256 1087
268 571
276 385
277 316
279 322
282 101
286 1487
358 104
363 109
420 776
436 544
504 110
532 2052
577 107
985 109
1085 1524
1101 909
1154 678
1383 328
1424 467
1445 293
1869 1534
2019 726
32 293
32 492
32 592
70 1819
72 429
79 80
99 407
104 374
258 103
260 303
260 798
263 372
263 965
264 295
269 1550
271 1300
276 556
276 604
337 115
389 272
397 274
406 860
599 364
654 378
803 115
1044 98
1157 763
1435 119
1451 1397
1622 822
1662 2115
1995 402
2095 2119
77 1290
80 1114
83 781
90 1845
102 351
103 298
258 432
260 396
263 431
263 1639
263 1752
268 274
277 270
343 111
343 313
478 1910
478 2056
496 1660
594 295
729 1137
816 963
951 279
1162 1963
1346 650
1672 2129
2143 788
85 453
105 560
115 117
260 298
261 1661
264 119
268 567
276 114
289 358
289 473
289 1087
302 1237
332 305
358 308
417 115
420 2025
422 1828
424 1070
458 298
527 962
816 609
830 1360
856 115
991 1807
993 305
994 272
1021 1623
1186 293
1188 101
1340 100
2068 310
68 364
102 404
110 101
118 330
121 259
256 121
263 97
268 361
271 274
297 405
302 284
304 954
314 322
314 400
327 103
331 568
334 683
359 938
400 295
551 115
561 378
589 376
592 2183
684 115
817 116
1029 1784
1049 101
1167 2205
1206 393
1224 1285
1647 2065
1740 1324
1854 272
1984 377
2097 2212
32 394
68 65
69 815
76 1324
77 499
99 335
107 278
115 278
117 2130
260 107
260 547
260 632
260 643
263 269
263 526
264 723
269 102
277 431
313 402
322 620
327 98
327 1149
332 102
341 278
354 103
361 112
382 295
428 279
487 1344
532 2175
540 305
585 301
600 107
615 978
665 472
731 322
769 431
930 620
971 437
995 2219
1014 2257
1150 353
1150 1432
1188 272
1354 1420
1655 471
1890 272
2196 2237
2226 1136
72 78
77 1700
79 2267
83 65
83 599
83 1230
108 295
111 262
116 298
261 1831
263 315
268 340
268 554
271 330
276 117
291 102
302 727
322 109
324 1978
353 104
359 764
377 110
392 1277
401 115
448 115
526 121
657 598
665 2233
775 298
1045 293
1514 579
1537 477
1850 782
1945 1057
1980 298
2003 714
77 396
83 658
109 764
110 107
112 278
114 604
115 257
117 433
117 1065
256 97
258 99
259 110
263 697
268 751
270 393
271 724
271 2244
276 652
278 104
281 340
289 311
299 388
302 370
303 115
354 100
365 1042
382 322
397 770
468 272
475 662
482 278
519 656
524 1800
551 954
584 112
663 115
690 101
698 116
758 771
775 548
843 259
925 103
925 262
971 337
1533 279
1574 2066
1713 378
1879 1691
1884 713
1986 1765
2102 2234
2284 513
32 479
65 83
67 526
73 82
77 454
78 84
82 101
83 119
83 668
103 483
105 514
117 514
117 572
117 765
257 109
260 1230
268 284
276 370
276 1072
277 114
277 734
283 341
284 269
294 115
295 389
297 506
313 109
406 560
420 104
467 115
475 381
481 621
528 308
540 402
631 2266
637 886
698 112
842 100
857 601
1081 118
1364 924
1545 353
1679 115
1777 433
1970 870
2364 116
2390 1709
76 89
111 273
116 290
260 777
268 310
275 97
275 330
285 294
302 294
307 404
329 266
334 118
397 109
422 683
428 1785
481 110
496 513
524 313
545 2044
576 337
749 115
750 1002
958 121
1038 1477
1124 340
1205 617
1205 721
1264 456
1451 598
1475 98
1619 604
1634 121
1684 328
1832 272
1877 274
2418 275
32 378
66 490
66 1201
74 2269
76 378
82 346
82 1213
89 278
101 2317
105 112
105 440
109 389
117 348
261 363
261 2046
268 297
268 894
271 358
272 110
285 361
287 669
300 1747
309 860
341 348
351 315
397 2347
400 109
403 2421
410 1164
428 297
478 2446
518 100
529 115
532 2432
540 1926
557 65
585 2377
586 512
652 100
864 315
927 76
941 2400
1017 357
1027 65
1095 2305
1163 115
1214 121
1412 121
1442 115
1866 301
1923 83
2016 2354
2137 404
2440 637
32 638
32 700
66 2000
87 2336
107 298
108 115
108 556
109 98
114 116
115 112
117 358
271 514
271 2195
277 494
277 1816
277 2192
278 1065
281 318
289 279
294 401
303 315
361 322
424 877
440 712
456 121
457 294
478 592
496 723
524 864
524 1230
529 1760
585 108
586 99
630 2494
846 115
855 656
887 393
898 409
979 340
1021 678
1118 2488
1354 1631
1552 697
1699 337
1715 2448
1931 894
1973 580
2330 381
2471 97
2518 2360
32 465
32 643
66 278
69 264
71 685
72 791
84 89
99 121
99 2314
110 606
115 873
119 333
120 1057
258 917
268 370
268 2392
274 650
277 310
277 567
277 776
281 662
283 448
286 119
286 523
302 526
327 603
334 303
345 1088
352 313
391 102
403 103
428 1350
440 711
457 262
457 1997
461 121
489 104
544 1303
568 279
585 2265
657 272
739 295
748 727
750 2321
758 2255
817 2031
821 506
892 110
898 370
1028 2546
1044 2021
1045 275
1085 108
1565 315
2118 1769
2159 542
2383 2308
2443 111
2579 620
32 351
89 382
98 274
98 316
101 278
106 672
108 272
111 270
111 2369
118 378
260 361
261 351
262 278
271 473
276 378
280 311
283 683
285 798
303 655
304 431
310 121
354 98
358 119
363 115
363 402
375 115
402 1964
423 295
431 506
512 274
568 315
595 121
665 2030
837 121
855 284
1116 526
1296 357
1423 115
1587 446
1588 1046
1643 115
1714 467
1937 381
2619 1898
2627 928
67 275
68 73
71 73
73 630
80 108
86 2358
87 372
97 437
104 501
121 298
256 409
263 1089
264 121
268 279
268 734
268 2236
271 333
271 513
281 894
284 108
289 376
298 272
304 99
327 109
334 353
343 400
359 860
400 101
402 767
447 357
463 613
478 2444
530 2243
576 601
633 1761
674 298
748 875
834 1718
839 274
873 515
966 393
1158 311
1158 389
1206 308
1267 2647
1514 2310
1908 357
2062 2591
2072 110
2502 108
2609 1561
2648 2473
2651 2697
2690 1028
32 316
65 98
68 490
80 961
83 439
83 2402
100 298
101 481
103 103
105 378
111 377
111 796
114 270
121 330
122 101
256 270
258 121
261 965
261 1386
263 1386
264 340
269 541
271 1043
275 121
277 97
277 1706
284 110
289 117
289 274
298 357
305 109
307 106
307 115
307 1848
315 115
315 440
329 114
380 100
394 542
424 781
424 1300
431 405
454 301
475 973
524 116
531 2554
552 1247
584 1812
585 2653
593 295
657 601
804 109
830 353
955 308
957 2018
1037 119
1201 65
1207 612
1219 340
1310 298
1342 298
1531 2756
1574 1043
1654 1110
1802 768
2022 1902
2043 2324
2086 121
2207 1108
2249 2632
2572 471
70 97
77 284
77 788
80 371
82 65
86 737
97 669
100 393
102 2634
103 579
107 315
109 315
117 363
118 494
122 279
258 112
260 372
260 423
261 315
261 535
263 1083
271 385
271 966
279 381
282 409
286 98
286 770
309 112
317 1360
327 920
340 1979
354 643
383 301
385 278
386 98
400 621
412 1344
413 2186
422 375
436 973
467 315
475 297
482 2288
503 295
537 1767
538 99
538 107
540 295
616 115
651 322
774 2644
777 98
778 272
979 2721
1036 1319
1151 1109
1388 2498
1479 753
1551 305
1697 620
1711 2417
1808 315
2109 2408
2146 115
2158 257
2238 351
2287 1108
2322 650
2343 470
2464 620
2537 551
2550 404
2574 279
2774 611
32 88
58 39
73 453
79 316
84 332
87 1110
97 560
97 1269
100 310
104 833
114 318
114 433
260 544
261 784
263 275
276 471
277 400
281 299
281 604
281 1806
284 298
286 2484
292 312
293 108
295 272
303 1001
304 2654
305 116
321 101
343 270
351 272
354 102
359 768
361 115
366 798
383 103
386 697
392 303
417 278
428 376
461 992
532 2696
537 404
561 2274
571 115
584 2552
614 767
684 1379
790 101
904 376
939 272
951 98
1146 115
1359 2164
1359 2513
1495 272
1588 513
1677 112
1768 279
1788 849
1882 965
2161 308
2503 104
2543 270
2668 870
2843 314
32 754
33 525
65 109
68 101
68 430
69 87
69 110
72 1072
76 371
80 114
83 117
84 507
98 98
98 299
99 363
102 1496
104 318
105 966
110 121
116 115
117 959
117 1875
256 337
260 322
260 388
260 864
261 316
262 1136
268 539
268 1281
268 2006
271 303
271 449
271 474
272 310
274 1001
276 724
277 2051
281 279
281 297
281 454
281 488
283 567
285 2904
286 1744
289 314
293 121
299 103
300 116
304 266
304 273
307 100
308 274
310 734
314 121
334 2926
339 1344
343 374
343 376
343 1300
343 1472
350 115
353 401
354 1161
365 310
371 2649
382 305
424 2605
437 284
468 1035
469 444
473 117
475 2508
478 1959
478 2830
480 100
496 314
496 2916
519 1837
543 2600
573 266
584 2208
585 114
585 2801
586 102
588 101
602 965
604 922
698 99
725 2685
748 2112
817 1105
862 115
898 483
971 2679
994 1706
1047 337
1081 617
1106 2077
1177 270
1219 1279
1236 470
1237 1549
1262 278
1286 100
1304 115
1535 601
1647 2645
1698 2306
1872 115
2079 2932
2152 111
2197 294
2231 1760
2245 393
2362 701
2416 1279
2569 608
2845 73
2919 2922
2988 611
2997 608
59 39
66 551
67 373
72 409
77 80
77 101
80 1061
80 2735
82 1268
98 1114
100 279
103 753
104 110
105 645
111 3045
112 313
117 617
118 1107
119 452
257 340
258 3010
260 330
261 1366
261 2148
261 2516
261 2629
264 453
264 613
271 101
271 400
271 1016
271 1070
276 1030
276 1585
277 1619
289 610
297 3042
309 313
313 108
334 312
343 1071
378 401
383 298
391 437
392 363
417 583
420 97
432 315
439 429
460 1849
464 2665
478 111
478 2840
504 2686
588 2945
607 2606
614 299
631 453
642 262
665 474
684 370
736 115
745 115
749 109
794 115
885 357
890 621
900 114
900 262
906 121
1055 1190
1101 378
1101 381
1328 3041
1552 1421
1598 278
1975 272
2034 1992
2049 1358
2180 962
2270 3037
2664 330
2671 375
2771 319
3066 109
3113 2271
39 264
58 525
66 85
66 114
67 2051
68 269
69 88
69 683
73 1672
98 1476
101 121
103 374
109 274
116 396
256 471
256 2329
258 351
259 613
260 318
264 315
268 2741
270 1035
273 297
274 315
276 645
277 656
277 849
277 1103
289 363
292 108
292 2625
295 440
316 620
330 110
359 378
367 103
367 2449
380 328
382 477
385 337
392 377
399 509
410 337
461 788
461 3069
463 714
466 472
480 1529
490 298
523 121
538 112
538 119
543 297
552 490
584 118
588 98
589 440
602 333
602 546
607 2842
609 100
614 294
657 2331
680 115
693 357
745 884
750 2380
763 89
800 115
903 889
904 315
1045 768
1064 1366
1070 269
1078 849
1081 378
1101 405
1189 583
1313 2379
1352 556
1392 470
1398 404
1527 115
1603 314
1662 3127
1715 330
2020 393
2034 322
2344 284
2414 1786
2592 104
2861 551
3121 733
3203 390
32 326
66 314
70 409
76 111
77 449
77 1440
84 1740
84 2673
102 526
109 275
114 978
257 446
262 298
263 1107
270 1369
271 446
271 864
274 278
276 262
276 1000
282 382
283 370
285 2367
289 662
302 97
302 337
310 508
327 308
331 1273
343 456
343 1568
353 107
370 121
387 2223
391 121
392 477
403 275
412 115
420 301
422 2822
426 1874
428 473
473 102
475 547
482 298
496 3192
502 1520
538 102
538 115
607 1278
614 697
705 115
731 100
793 121
804 100
845 115
967 3047
991 115
1078 678
1095 295
1122 115
1205 348
1219 831
1302 272
1566 293
1597 353
1678 404
1749 402
2033 1187
2232 115
2340 1697
2353 1030
2394 515
2420 1034
2601 310
2635 308
2659 721
2775 3219
2952 325
3025 645
3093 340
3254 119
32 377
65 2184
66 351
66 611
70 473
71 618
72 2098
78 101
78 1745
83 1800
85 959
97 765
103 358
110 506
111 595
115 977
117 315
118 1035
119 257
119 1874
262 1691
263 264
263 2074
264 278
265 293
270 433
271 2381
277 313
277 1143
279 278
281 378
285 494
293 273
294 116
301 353
303 116
303 298
307 1029
308 273
316 928
327 1786
334 734
341 284
351 337
354 108
354 2181
367 363
385 112
410 544
413 652
425 3186
426 3334
428 1113
436 2157
440 1979
461 3349
469 1029
469 2957
482 100
526 297
532 2726
534 341
538 98
543 272
545 3315
550 295
551 381
552 889
584 1261
611 84
633 357
664 109
681 102
690 278
695 294
710 548
750 771
933 711
1044 363
1107 270
1116 111
1151 109
1152 973
1197 322
1206 1195
1217 377
1392 330
1446 294
1452 115
1587 1117
1711 1319
2020 3044
2099 393
2188 1015
2313 444
2413 417
2478 84
2548 3391
2652 2273
2670 121
2885 3151
2934 1050
2999 1632
3062 274
3298 3301
39 63
65 76
66 108
68 278
69 120
75 349
77 2148
80 316
84 316
97 1067
97 2184
99 275
101 107
101 340
101 849
104 269
111 294
112 262
114 490
114 515
115 372
116 97
118 556
256 2580
263 683
268 97
268 448
268 889
268 2291
271 376
271 1204
272 2407
276 454
276 837
279 645
283 2931
289 1835
299 2621
302 606
302 724
302 1837
302 2628
302 3071
304 265
317 303
341 1042
343 894
343 2014
351 726
358 432
405 279
410 101
410 396
410 1746
417 1561
420 3013
424 727
425 68
428 598
431 101
436 369
457 2240
475 378
475 501
481 337
493 2077
538 108
552 3074
561 1808
576 1436
602 101
631 108
631 3087
654 1322
730 100
739 560
756 598
774 3109
776 272
817 1789
883 2356
892 264
941 115
949 337
1121 2946
1150 1886
1222 544
1295 115
1412 1103
1472 433
1486 859
1509 115
1545 662
1551 515
1603 279
1724 1358
1759 335
1790 598
1805 315
2007 449
2043 105
2104 2273
2139 112
2188 930
2337 257
2431 2165
2451 598
2481 3405
2523 2910
2524 849
2722 121
2733 1317
2748 1898
2949 103
2993 658
2995 2965
3251 2938
3507 3211
32 315
32 398
63 39
65 100
68 429
68 599
69 851
71 430
72 601
73 266
77 3364
79 613
82 1093
82 1253
99 265
100 2623
101 312
103 111
109 110
109 121
109 369
110 303
111 112
111 357
111 405
112 314
112 544
112 2403
115 468
119 373
258 1949
260 1271
262 433
263 711
263 726
264 257
268 1072
270 471
271 1476
271 2667
272 2872
274 494
277 2742
279 279
299 322
301 3558
302 1816
302 3450
307 1718
315 1035
329 1065
331 2734
334 310
334 711
343 2006
367 99
383 270
386 305
395 297
402 542
403 868
405 449
406 450
406 1139
408 297
413 514
422 2001
424 435
432 697
436 114
522 2852
531 1923
536 509
546 3546
550 270
551 293
575 3141
586 417
589 1640
610 1925
614 571
624 348
632 315
642 486
665 3094
695 98
695 375
710 262
725 643
744 262
761 506
804 2982
805 467
816 1784
817 3050
821 272
823 429
830 340
834 1340
843 490
968 617
1020 1676
1111 295
1116 1113
1222 3223
1320 115
1326 3525
1435 669
1475 621
1491 275
1493 604
1599 115
1677 621
1802 293
2042 435
2079 3559
2160 3586
2180 107
2206 601
2218 3329
2372 112
2560 541
2680 1834
2700 404
2862 1976
2908 440
3122 491
3180 1747
3189 121
3322 99
3355 3579
3522 1709
3523 69
3527 1204
3528 3531
3561 1136
3589 3650
3624 89
32 278
32 744
65 2500
67 72
68 499
70 1324
79 88
80 2608
82 278
82 623
83 883
84 751
86 3401
97 432
100 121
101 433
109 401
115 298
116 372
119 290
121 405
256 1051
256 3448
256 3567
257 312
258 318
258 2450
260 1190
260 1303
263 337
263 1047
263 2153
263 3600
265 938
269 97
269 278
275 3136
276 361
277 264
277 408
277 541
277 1290
277 2241
278 121
280 1964
281 284
281 963
283 2201
285 274
285 351
289 417
289 1358
294 257
304 3108
308 266
316 278
318 337
341 433
343 284
343 303
343 1204
353 372
354 1340
366 3239
367 119
367 2181
367 3015
380 114
402 269
405 115
407 116
428 2515
429 1419
429 2704
461 1661
469 106
472 115
478 2658
480 508
502 262
524 468
524 3563
545 3431
561 3489
582 295
584 873
614 353
619 603
646 310
657 467
660 330
665 353
670 118
693 110
701 104
847 298
859 100
878 721
925 1088
967 1379
968 262
981 768
983 401
1038 643
1068 973
1151 340
1151 3496
1162 1016
1176 2107
1249 298
1262 612
1293 697
1334 506
1352 115
1362 115
1458 297
1464 697
1537 560
1565 298
1593 98
1654 396
1657 101
1683 272
1699 98
1711 117
1805 101
1897 601
1937 1948
1947 860
1987 381
2049 889
2062 68
2193 1803
2235 310
2376 293
2391 922
2412 456
2426 612
2454 101
2517 1120
2544 1751
2556 1562
2573 337
2598 991
2727 1310
2797 2973
2805 895
2847 111
2878 1336
2942 363
2961 121
3053 583
3137 801
3228 335
3234 303
3289 274
3417 401
3495 115
3545 111
3662 3661
3665 3787
3666 3729
3668 3728
3672 101
32 272
32 313
32 838
65 1309
66 390
71 567
72 89
72 431
76 507
77 2098
77 3823
80 272
84 1653
84 3374
86 1633
97 523
99 298
99 299
101 103
102 108
102 511
103 310
105 513
111 303
112 114
114 275
115 275
117 98
256 544
256 3459
260 299
260 1184
260 3555
263 449
263 2112
268 389
268 513
272 768
274 3049
276 314
276 579
277 363
277 385
277 3597
279 101
279 110
280 449
280 2804
281 467
284 322
287 112
289 262
289 2777
289 3478
289 3591
302 376
302 712
304 1667
304 3680
307 1496
312 301
315 298
316 794
331 435
331 776
333 115
334 444
337 541
343 369
343 508
343 877
343 2368
354 2551
358 266
359 112
367 483
370 301
382 293
388 401
391 512
392 353
397 112
400 110
403 393
406 100
408 111
410 467
410 483
423 112
428 299
433 278
436 316
454 598
461 2000
461 3653
494 1184
519 311
521 554
529 357
532 2407
538 3539
543 1290
552 274
596 357
607 3312
614 2286
664 100
675 1316
695 301
698 1113
698 3333
725 1089
729 3314
750 435
756 3593
793 115
817 121
828 3480
834 417
834 556
843 1436
889 433
893 3337
903 683
920 376
921 417
957 1496
979 299
979 1924
1001 278
1031 115
1064 388
1080 3345
1081 2714
1082 2154
1095 313
1131 3434
1276 100
1366 121
1392 2064
1400 3699
1464 2515
1473 295
1486 672
1575 1271
1597 111
1605 467
1634 1030
1660 121
1882 2825
1884 1886
1897 377
2042 311
2053 293
2218 3804
2277 2706
2405 115
2457 116
2481 89
2505 330
2559 284
2564 101
2587 100
2694 315
2737 297
2752 440
2800 656
2874 109
2914 450
2953 279
2981 272
3068 556
3079 1136
3100 1273
3125 3081
3147 859
3231 1849
3252 330
3276 884
3451 576
3626 121
3730 991
3824 3826
3829 2270
3830 3828
3842 3905
3850 432
3913 3978
3915 3324
3927 2271
32 850
67 89
67 1228
69 100
75 2067
78 456
78 3167
80 264
82 314
82 435
82 481
82 508
83 99
83 265
87 1752
98 297
98 656
103 2165
104 270
104 369
108 284
109 583
111 99
111 328
112 284
112 298
112 468
112 831
116 1051
117 3713
119 101
119 697
121 513
256 316
256 884
260 1955
261 983
261 1402
261 1855
261 2511
261 3152
263 294
263 374
263 494
263 513
264 734
268 353
268 483
268 526
268 1071
269 298
271 310
271 370
271 781
271 3717
272 293
276 105
276 643
276 650
276 711
276 3608
277 1303
277 1675
277 2078
279 2549
280 2631
282 1639
286 3812
289 541
289 544
289 2477
289 3941
292 315
294 101
299 101
302 515
304 119
304 3757
305 444
313 103
317 266
330 556
331 777
341 98
343 1279
354 603
361 645
367 1232
368 278
371 3659
385 315
392 378
394 797
400 357
402 259
413 417
429 4011
444 101
447 678
457 3692
458 801
461 1700
466 98
466 279
486 115
494 272
497 849
520 115
532 4005
534 103
539 601
552 2074
575 2307
576 111
576 299
577 298
585 370
585 1585
585 3690
585 4008
585 4106
588 470
589 294
664 115
698 1477
748 297
804 111
828 2356
832 351
834 1496
834 3543
839 450
891 962
893 108
895 346
904 1835
972 115
985 107
993 712
1021 115
1029 877
1064 381
1064 1632
1068 121
1069 357
1074 115
1074 541
1146 612
1158 333
1226 650
1229 115
1229 612
1233 1769
1248 396
1263 2695
1292 1098
1302 1633
1313 3132
1359 798
1424 2386
1464 645
1473 2225
1475 3963
1493 4096
1523 117
1540 3007
1551 2870
1566 375
1605 337
1622 596
1679 315
1684 1562
1698 109
1702 314
1807 595
1832 506
1900 100
1914 432
1914 753
1999 776
2016 1626
2032 2712
2053 768
2099 308
2104 895
2138 2806
2185 121
2190 2589
2209 118
2281 2781
2313 1955
2325 299
2478 4137
2505 1795
2510 274
2517 378
2575 1034
2575 2001
2744 3437
2813 753
2920 1997
2955 1420
2956 1319
2975 3536
3034 1425
3101 579
3145 274
3159 363
3224 315
3316 375
3642 712
3647 588
3693 295
3775 1521
3800 468
3920 2695
4036 401
4199 301
4202 371
32 1008
32 1198
63 525
65 114
65 523
65 4013
66 409
66 3843
70 511
70 625
72 3157
76 1379
77 435
77 1072
79 83
80 499
80 712
83 727
97 512
98 409
100 111
100 1194
101 120
102 272
103 506
104 297
105 595
106 454
108 468
111 101
111 768
112 315
112 370
115 99
115 547
116 596
117 1273
118 363
118 1795
121 114
256 378
256 3750
257 295
260 542
260 1088
261 711
261 1113
262 794
265 3168
269 3908
271 547
272 100
274 97
277 877
277 2977
279 1034
280 1016
281 315
284 650
285 499
285 1599
285 3910
285 3949
286 1533
286 1695
286 4250
287 2499
289 494
289 2380
295 2856
301 112
301 279
303 468
303 1420
304 4042
309 122
316 315
317 264
324 310
324 928
330 712
334 431
338 115
345 262
351 601
354 595
354 2078
380 595
388 278
391 1030
392 2893
394 609
410 889
413 1034
420 299
420 363
426 4243
428 3409
428 4089
436 610
440 115
458 378
460 3308
464 108
468 2979
469 99
473 768
475 877
475 1817
478 374
483 100
483 453
494 1414
517 3410
519 3354
521 726
524 111
532 108
551 116
552 363
561 330
565 572
568 378
588 337
590 115
602 423
607 4031
614 298
637 83
660 314
665 404
704 298
718 357
748 311
750 650
758 396
779 357
782 100
804 1626
816 111
839 889
843 1440
844 115
855 3309
855 3864
864 376
890 121
892 121
893 3378
898 3553
900 3449
903 369
906 330
917 115
921 3923
922 401
933 109
949 1358
968 310
979 2040
1037 621
1064 350
1082 3532
1085 831
1143 116
1163 298
1186 262
1219 3140
1222 2711
1249 712
1362 279
1371 612
1387 119
1391 115
1414 433
1438 440
1446 284
1491 115
1532 4238
1540 2710
1556 315
1572 298
1580 315
1584 115
1602 357
1603 121
1620 1397
1677 873
1698 1519
1790 2607
1794 115
1802 560
1848 275
1879 4123
1953 315
2027 109
2032 1519
2038 4055
2053 1902
2080 357
2093 120
2160 697
2206 337
2245 301
2372 938
2394 1113
2425 315
2455 945
2544 1164
2590 1183
2594 376
2715 753
2817 2551
2890 433
2915 4357
2935 4226
2974 266
3004 108
3067 376
3154 797
3358 3819
3375 490
3701 393
3723 112
3749 378
3862 378
3926 376
3930 337
4045 264
4069 868
4189 895
4236 3944
4325 83
4407 75
32 1717
65 1137
66 672
67 547
67 1353
68 356
68 409
70 429
71 72
71 2628
72 353
76 472
77 2998
78 83
80 2964
82 82
82 1874
83 314
87 909
87 3227
97 1034
97 1433
98 341
98 358
100 269
102 1046
103 108
103 284
105 477
105 515
105 523
107 262
107 272
108 842
112 437
117 308
119 841
256 547
256 761
256 776
256 798
258 470
260 444
260 1831
261 270
261 333
261 1700
262 121
264 103
264 928
264 945
268 1250
268 1476
269 873
271 539
271 751
274 388
276 539
276 922
276 4484
277 290
277 965
281 1072
283 656
283 3255
289 4340
291 4512
299 1034
301 1436
303 272
303 541
303 1029
304 102
304 405
304 3577
317 440
331 511
331 621
340 278
341 3469
343 494
343 3342
354 106
354 1598
354 2784
359 275
363 449
384 298
384 2729
386 1310
386 2064
389 363
392 1109
397 273
397 375
410 114
410 361
420 111
420 1353
424 841
426 1036
426 4531
428 973
458 98
461 311
461 417
466 3498
469 308
469 2963
469 3150
481 764
492 1159
518 357
519 408
524 84
532 101
532 272
538 924
540 110
540 3674
561 1070
570 272
584 1949
585 1114
614 1177
631 100
631 3814
664 873
684 4028
695 284
695 2780
702 115
710 1520
749 1667
755 121
757 115
778 378
791 1043
793 4333
804 377
805 2595
816 385
832 111
834 106
834 2753
839 1016
848 3158
852 402
857 115
887 112
887 697
893 1819
925 610
955 402
967 662
971 2875
975 506
981 293
1021 322
1064 2311
1078 357
1085 299
1116 2883
1131 121
1140 115
1158 341
1186 119
1189 1195
1249 401
1283 1332
1325 115
1326 349
1387 1834
1412 1386
1434 357
1445 560
1446 2378
1464 598
1473 3059
1492 1195
1493 1936
1494 115
1537 860
1564 115
1572 315
1584 295
1605 408
1683 3179
1724 350
1845 4476
1866 683
1940 357
1987 274
2036 4609
2041 350
2093 1088
2134 101
2139 523
2152 417
2161 1034
2189 274
2193 928
2209 293
2227 121
2238 409
2249 4488
2320 432
2325 1436
2376 308
2438 515
2456 115
2548 4478
2565 1036
2615 3245
2701 486
2736 1195
2754 115
2792 433
2798 357
2915 2704
2921 523
2951 121
3072 272
3073 121
3200 2630
3300 1137
3356 768
3443 1277
3482 1623
3548 351
3622 753
3629 608
3742 2925
3762 433
3780 432
3795 270
3999 363
4006 4265
4140 2783
4198 433
4234 1113
4327 262
4349 4196
4468 3457
4470 4706
4534 2571
4561 3048
4652 79
4674 630
32 122
32 298
32 874
59 525
65 770
66 1746
67 1810
75 1975
76 3897
77 1062
86 2044
97 102
99 541
100 278
100 539
101 303
101 1175
102 381
102 3582
102 3752
103 2855
103 3896
105 98
105 860
105 3865
108 3562
109 788
109 1279
109 1806
110 363
115 265
115 272
115 346
116 650
117 621
118 1518
119 409
120 1585
122 122
256 3244
258 322
258 621
258 1599
260 121
260 363
260 652
261 1067
261 4374
263 298
263 798
263 1190
263 1855
264 279
268 1440
269 3128
271 105
271 374
271 448
271 610
271 701
271 2365
271 3968
272 583
272 1549
274 794
275 576
276 297
276 318
276 341
276 2655
277 335
277 761
277 1432
278 284
278 443
279 440
280 1107
281 262
282 513
282 4033
283 1250
285 270
285 473
289 105
289 294
289 571
289 730
289 1043
293 116
303 474
305 273
307 444
314 889
315 272
316 4787
317 1260
317 4737
327 115
327 1853
327 2630
330 305
330 402
334 1789
340 118
340 315
341 375
343 298
343 370
343 486
343 1046
343 1281
354 375
358 99
363 278
363 4766
365 264
365 490
367 2963
370 273
378 315
382 1175
385 98
385 115
385 298
392 278
395 3046
397 101
400 917
408 401
410 310
417 601
424 2851
428 4786
437 515
446 115
453 121
464 4749
468 121
469 512
475 1599
478 474
483 115
496 101
516 298
524 4600
538 4256
538 4277
539 4847
557 83
573 560
602 408
607 2753
617 481
631 273
631 736
652 432
655 393
657 2811
664 2730
664 4027
665 662
665 1583
665 2674
684 798
684 3542
688 470
695 305
698 3387
703 1042
711 278
725 2365
725 3710
748 2851
750 374
750 3330
756 376
758 4519
759 1114
759 1382
786 357
793 298
793 357
800 315
805 1353
805 3758
808 298
816 318
832 101
832 4393
832 4775
837 388
839 542
862 298
864 115
887 264
892 101
893 3418
898 1472
898 4804
900 2386
903 4516
933 712
941 991
955 1853
968 295
968 966
984 1450
987 358
992 121
998 115
1029 385
1036 298
1038 604
1044 375
1090 115
1091 612
1095 305
1095 4824
1116 408
1151 1360
1186 308
1247 121
1248 2201
1263 474
1288 115
1342 115
1354 4542
1393 297
1404 115
1455 2100
1461 4859
1488 115
1493 541
1588 541
1597 1432
1622 1382
1637 115
1655 274
1675 275
1685 612
1714 601
1724 848
1797 357
1827 373
1897 337
1914 1803
1920 728
2037 298
2041 4777
2101 111
2101 797
2138 264
2155 310
2158 1550
2197 474
2198 678
2207 116
2229 678
2242 363
2242 405
2276 115
2279 115
2371 1197
2620 115
2680 314
2707 298
2728 322
2787 3534
2817 501
2902 378
2935 1477
2955 1631
2974 613
3004 453
3006 753
3090 105
3117 1870
3148 109
3238 357
3326 112
3344 295
3376 470
3420 264
3446 98
3503 2929
3513 402
3706 4732
