32000
32 116
104 101
32 97
32 115
110 100
32 119
256 257
101 100
32 98
256 111
258 260
32 104
32 102
105 110
32 84
261 97
105 116
114 101
111 117
32 100
32 108
32 112
32 99
97 121
32 109
101 114
111 109
271 115
270 257
32 257
105 115
32 110
97 114
111 110
108 108
259 97
105 100
105 109
267 97
32 83
111 116
269 103
32 103
97 116
97 110
101 110
108 101
111 114
101 260
32 272
111 102
101 116
97 109
32 72
105 114
256 104
284 121
105 103
105 108
309 101
277 108
32 269
32 34
114 105
117 116
32 117
111 119
316 279
118 281
32 114
112 112
101 115
272 104
291 292
261 328
32 121
275 279
79 110
111 111
32 73
107 263
285 114
259 116
295 257
101 120
264 101
267 286
108 100
99 101
107 101
270 293
99 107
110 116
331 274
32 76
117 110
264 313
324 121
32 289
294 326
314 121
275 111
97 290
287 296
340 116
319 304
268 361
257 114
118 101
276 105
294 100
306 116
321 112
97 100
262 121
261 101
271 348
32 306
115 116
60 124
124 62
304 367
377 360
32 66
32 77
272 116
115 101
280 282
32 101
301 116
355 121
39 115
311 299
333 101
291 119
259 104
32 353
268 303
274 343
381 302
32 107
276 395
350 356
46 34
256 293
274 260
400 101
308 263
99 104
259 111
259 109
259 257
287 403
270 282
262 273
371 273
33 34
84 257
335 116
264 320
274 116
287 101
118 263
264 111
372 263
32 286
101 108
258 110
117 103
261 385
362 115
116 281
292 101
97 108
104 116
282 101
265 111
310 100
114 121
261 104
333 344
264 433
276 111
285 108
105 290
97 345
439 112
276 334
275 292
117 101
368 289
258 290
308 101
32 106
268 351
265 121
103 307
111 273
357 103
264 97
258 115
32 111
117 114
258 116
452 363
32 273
265 460
97 269
108 121
32 65
259 101
105 260
256 273
325 111
278 299
116 263
334 100
278 300
268 114
258 273
101 99
105 99
97 120
114 97
262 310
323 263
288 107
267 293
396 110
291 100
298 111
264 358
278 394
39 116
257 110
119 279
276 101
280 300
288 100
257 100
117 109
338 288
468 101
32 416
419 121
262 109
296 363
294 364
438 418
63 34
380 478
117 108
455 347
268 401
278 108
298 310
443 336
104 297
511 108
278 97
259 99
295 445
379 320
274 103
259 112
277 482
289 103
109 121
365 345
280 101
341 99
102 507
322 110
259 279
289 101
497 471
115 428
282 307
114 401
276 97
422 116
258 103
278 288
278 448
268 97
274 382
261 394
268 536
295 308
466 101
112 296
365 336
89 274
417 119
287 111
101 290
259 533
406 358
280 369
111 98
32 389
313 430
258 108
32 87
105 97
288 263
314 263
295 546
32 502
111 112
105 344
456 336
319 263
297 115
280 441
288 110
554 101
115 115
277 320
298 472
519 430
334 107
406 562
327 116
301 263
261 303
278 111
286 104
474 282
552 513
100 100
258 491
323 297
275 528
435 299
267 541
537 463
32 74
116 121
529 115
117 115
325 300
261 440
264 114
97 103
117 99
451 115
267 431
105 347
379 301
311 576
259 119
268 467
535 424
117 347
280 121
268 101
117 374
258 534
32 70
349 114
492 571
97 107
268 108
105 302
432 107
259 431
384 353
516 561
601 121
102 102
259 351
277 114
32 340
261 490
271 108
365 418
262 110
32 548
105 101
496 112
44 34
300 116
101 112
296 104
277 273
443 107
484 322
380 560
258 98
277 111
117 273
97 404
311 569
110 121
276 296
298 296
97 112
271 427
326 263
274 100
484 101
267 424
278 104
350 625
117 404
379 555
419 120
256 568
423 121
435 111
97 115
113 117
298 307
515 273
102 427
272 101
275 476
275 369
645 416
84 104
260 281
272 263
277 101
280 453
358 121
117 382
84 293
288 97
317 116
32 68
286 116
76 356
268 583
97 273
493 121
641 116
98 302
226 128
295 111
469 282
657 119
117 586
269 107
617 263
32 118
256 114
259 303
380 282
259 108
97 364
97 682
458 112
609 495
32 69
311 300
325 351
612 422
97 344
117 290
264 108
298 105
526 448
274 115
325 263
499 532
526 707
111 103
276 522
327 115
32 345
298 273
84 282
265 343
267 111
413 121
449 636
469 347
292 263
321 110
277 477
673 734
286 101
354 101
264 640
264 579
465 260
629 99
269 121
457 112
685 111
384 299
281 115
391 322
311 286
703 434
298 479
491 115
558 753
256 97
280 111
317 532
321 677
708 114
89 327
118 301
302 119
444 110
540 374
259 759
287 566
743 678
98 121
265 119
286 263
280 661
417 263
66 320
278 302
384 648
457 343
103 263
300 107
256 458
338 114
276 687
355 580
258 109
274 114
307 427
692 594
108 303
259 107
275 300
510 111
32 428
267 322
268 105
449 613
103 101
298 706
321 115
87 104
105 289
257 273
396 467
32 303
103 434
299 101
338 303
791 97
105 102
269 101
559 101
264 424
264 577
313 104
271 116
417 288
99 495
110 97
118 297
256 441
582 787
774 300
32 301
264 785
97 382
268 472
32 807
293 429
294 260
305 115
423 826
357 290
417 324
117 626
295 684
631 107
109 453
114 282
268 464
268 762
631 336
665 835
32 67
476 105
101 109
111 290
520 842
779 110
845 429
256 119
256 434
76 307
102 101
280 600
309 286
391 690
670 527
765 770
10 10
114 111
698 301
788 121
32 80
285 494
391 744
474 723
264 121
270 104
275 105
278 441
565 302
651 115
110 816
114 109
309 281
438 364
832 121
98 98
100 121
278 431
679 869
859 464
275 289
298 108
829 115
264 117
276 307
357 303
122 122
277 97
303 116
458 116
711 336
32 304
258 326
268 288
338 440
658 777
710 353
112 476
267 812
32 293
32 668
39 109
264 369
510 293
107 279
114 322
258 671
384 761
396 292
781 301
904 98
112 108
267 494
341 288
271 121
284 110
325 463
259 110
268 453
273 308
619 322
676 778
73 116
276 656
852 477
909 115
291 851
440 121
338 604
384 324
461 369
103 281
108 875
615 836
745 580
805 121
267 890
278 282
280 618
457 324
628 656
77 282
118 327
278 434
287 360
705 428
302 823
256 429
355 356
373 102
736 336
97 260
340 898
716 445
732 263
735 953
956 471
78 111
97 347
257 115
298 534
311 273
423 803
717 364
108 102
311 699
335 110
32 82
65 115
310 374
99 116
341 97
391 394
110 297
268 308
519 104
599 111
259 367
275 101
314 100
320 105
321 348
334 108
435 620
581 107
769 110
101 273
112 116
496 523
615 933
261 467
900 112
972 981
993 527
87 490
727 299
919 374
277 463
278 358
280 307
295 681
298 494
406 620
413 110
790 115
813 404
1002 301
287 322
559 490
982 314
115 111
558 1011
893 302
975 356
122 101
256 101
271 872
277 288
277 596
280 303
325 97
98 101
117 272
277 715
300 101
316 714
456 107
749 263
32 75
105 364
275 479
294 115
294 116
848 111
278 117
338 279
586 263
98 281
277 117
350 307
538 115
780 522
726 988
76 577
105 327
116 647
278 257
288 121
102 453
300 795
381 121
438 374
646 260
797 263
819 115
259 668
268 970
338 111
374 302
465 871
727 301
736 1046
72 101
259 522
286 115
310 263
341 1049
442 263
470 404
537 273
623 530
275 114
280 725
391 111
449 111
550 738
550 1037
894 109
992 889
1058 655
261 800
321 382
351 650
32 694
78 322
111 282
264 263
294 817
461 109
65 671
264 273
268 551
280 289
285 288
331 989
492 97
607 297
726 639
867 626
1079 638
97 573
259 297
457 905
676 299
921 748
999 263
100 279
108 263
109 300
298 448
299 104
311 297
322 108
325 557
331 494
331 551
459 101
474 1023
559 104
627 650
117 100
258 100
261 114
280 541
600 101
694 157
745 301
793 120
32 122
72 105
102 116
261 111
265 112
275 273
277 105
341 297
419 299
455 103
99 263
111 289
118 385
256 1066
259 401
277 604
286 495
593 111
686 111
844 121
1031 119
97 310
264 479
291 116
320 101
730 302
948 107
987 348
1099 1156
275 610
278 568
293 327
345 121
525 300
540 344
581 336
1029 1051
1084 156
268 269
279 1022
338 453
393 103
424 430
83 684
87 101
105 112
256 358
271 272
405 289
461 429
619 111
827 115
32 319
109 97
116 297
302 639
347 115
384 121
486 297
515 1059
593 1025
846 263
285 369
291 260
1070 263
264 1083
274 348
299 799
362 464
843 1038
1020 429
72 551
97 815
298 114
303 110
396 272
465 523
653 281
1200 111
32 1085
99 490
101 288
103 300
267 296
325 714
338 565
391 416
540 118
564 115
798 299
1005 281
1204 1209
67 300
101 307
105 263
111 99
116 513
117 98
341 104
365 289
423 502
437 115
686 369
701 111
772 263
789 344
1035 319
32 784
77 560
107 327
116 302
256 319
357 327
383 523
461 1201
468 327
488 110
582 343
609 104
694 153
1018 594
1179 303
1186 327
1235 719
32 71
66 301
267 351
303 672
350 101
477 121
844 322
1089 1198
1151 364
1216 1256
68 289
83 308
104 110
105 120
105 122
116 104
285 273
346 523
406 551
581 434
702 610
876 272
87 322
119 800
268 1259
391 561
610 121
793 273
77 478
100 281
259 1184
288 297
692 304
939 297
998 116
1093 1161
32 90
65 116
273 108
275 310
277 947
277 1206
280 1266
313 110
466 327
755 314
755 374
811 115
841 300
962 119
1021 1274
83 257
105 719
110 103
111 121
287 557
465 290
540 310
599 557
607 293
884 980
106 1307
261 307
264 596
268 715
341 1211
382 965
465 115
756 364
834 297
901 604
98 111
256 479
267 292
276 369
338 610
442 297
455 768
642 115
702 463
1134 573
83 880
107 301
261 472
263 877
278 273
298 117
316 300
520 108
552 1160
593 959
642 297
713 297
755 693
813 815
866 286
911 263
116 289
267 440
558 530
712 974
716 111
717 638
752 573
821 1314
939 327
977 1335
1122 1141
1232 566
32 528
83 445
97 693
99 302
256 744
277 322
278 983
280 288
280 596
310 1291
352 932
357 297
469 98
607 1222
628 282
790 382
866 299
882 369
1056 1371
264 272
264 296
275 269
277 313
280 263
298 906
383 385
384 302
415 427
435 672
461 912
469 290
768 101
789 1139
798 121
1255 803
258 310
271 103
275 286
299 363
338 101
365 1238
380 114
435 121
449 117
599 502
781 580
1323 464
1360 647
108 635
256 618
271 290
277 301
278 577
290 97
299 281
629 912
1078 281
1257 111
1374 296
74 111
268 286
276 725
277 281
281 263
295 880
705 322
876 263
887 302
1215 263
1389 102
83 111
97 122
111 108
117 112
267 565
298 385
298 530
372 115
391 653
476 116
573 263
704 111
730 343
849 297
918 322
1039 1429
79 104
112 101
273 101
275 482
278 920
280 416
303 100
326 281
619 1153
623 1276
665 1225
938 297
1024 263
1116 322
1170 296
1453 104
32 566
39 273
65 871
97 99
110 281
114 263
114 279
265 661
277 299
287 579
351 101
450 650
466 97
510 97
515 260
535 260
667 104
966 115
1075 269
1227 467
1292 594
1354 1185
256 551
287 97
338 952
354 464
363 1109
520 296
667 647
698 302
701 286
765 738
931 121
1019 495
1146 101
1370 477
1422 1490
1423 289
32 1113
79 905
108 99
115 104
258 348
261 257
269 115
271 678
273 116
277 307
278 289
461 648
492 1131
575 1393
581 100
733 115
752 260
758 374
769 281
858 282
977 345
1096 943
259 307
264 571
264 762
268 111
268 358
274 112
280 557
285 343
326 121
326 297
374 281
415 1350
461 374
530 121
607 308
698 121
752 1428
821 103
837 297
962 101
1391 1223
1405 566
1431 464
73 110
101 101
112 104
278 322
302 573
314 97
316 638
325 401
341 301
359 101
466 301
487 1140
659 1150
764 281
783 1433
1091 618
1132 677
1382 1239
1383 1468
1424 102
113 445
268 440
268 458
275 530
277 1493
396 672
406 288
461 99
726 121
921 281
1072 699
76 625
114 976
264 303
268 300
275 422
277 699
278 1195
280 97
280 613
396 297
409 523
461 681
497 116
628 269
635 343
676 286
819 527
897 530
1260 263
1494 272
72 281
98 322
103 302
118 121
259 928
261 269
261 289
261 738
275 920
280 1065
287 448
300 344
311 1579
355 301
379 108
380 1168
465 671
917 1599
1019 104
1338 299
1385 429
1541 808
105 385
109 101
111 374
258 114
264 1113
265 640
265 1107
268 272
268 557
284 273
291 1621
294 310
296 960
334 112
351 404
379 928
476 327
510 1632
615 269
622 530
662 111
710 1415
730 655
846 115
1123 522
1135 1636
1267 263
1310 121
1327 121
1357 263
1376 770
32 79
108 382
258 872
264 300
268 1450
275 319
275 858
276 557
277 635
278 479
280 299
301 650
319 327
325 428
331 723
384 1652
406 111
477 263
581 343
695 289
711 107
884 121
887 97
948 336
1062 115
68 111
83 546
112 327
259 1296
267 303
271 418
275 434
276 1634
278 1203
308 327
457 761
465 116
469 1449
599 576
628 1474
658 101
686 1279
780 1050
802 1050
830 115
1167 1145
1440 327
1573 116
34 46
105 307
111 115
111 260
114 296
256 557
264 610
277 708
299 115
331 1210
371 290
422 121
516 273
516 1048
646 108
901 1700
938 112
971 303
979 639
1013 115
1096 102
1336 115
1388 1549
1417 453
1477 655
1519 952
1721 638
66 555
102 715
103 103
105 345
109 297
258 99
259 286
259 647
267 272
269 263
286 121
291 1306
384 1728
607 569
712 115
888 119
944 297
979 281
1036 263
1119 299
1146 1265
1680 382
1705 307
1727 121
261 1145
269 97
317 99
357 1716
371 1504
379 1539
391 1284
449 555
520 269
599 300
1074 327
1277 263
1367 281
97 626
99 336
105 693
109 1182
261 583
267 428
270 111
280 269
280 502
285 97
325 117
331 327
350 1552
359 1668
384 109
449 288
449 351
515 1171
612 119
636 121
713 115
798 620
932 719
1027 115
1392 263
1421 1265
1437 302
1566 1441
1659 344
1732 427
1754 431
74 613
107 307
110 296
115 307
115 1795
259 880
264 1111
278 1153
278 1470
280 808
291 347
298 1685
308 1702
311 906
319 290
332 115
341 290
381 297
449 101
455 1798
466 99
473 1796
609 513
669 1183
679 714
717 1131
789 1785
810 115
867 1806
1003 115
1102 297
1135 1673
1478 121
1612 445
1706 302
1772 1601
1802 289
10 32
33 1126
46 1126
72 286
98 1108
99 121
101 369
112 307
261 569
264 1729
276 441
310 114
380 1148
381 281
391 369
440 1125
492 706
538 1838
670 1749
701 1846
833 104
967 532
1005 263
1063 121
1121 101
1446 1109
1582 477
1654 300
77 1168
99 297
115 112
256 653
259 1811
264 672
269 297
275 327
277 748
286 107
288 112
298 843
302 120
308 112
330 416
338 530
391 1869
407 639
469 288
483 1319
582 269
646 269
662 768
674 877
710 1766
805 1045
821 976
848 1508
861 947
918 1548
991 322
1020 974
1129 1086
1143 115
1158 115
1171 121
1195 463
1299 121
1487 1894
1518 1182
1561 297
1657 655
70 836
97 887
98 693
109 263
122 121
256 1337
261 479
267 1633
274 110
277 620
277 1111
287 653
365 817
396 1065
449 308
449 784
510 656
520 1258
535 374
604 301
659 1920
690 348
756 418
1132 345
1181 324
1202 1782
1324 120
1507 422
1814 1510
1916 110
97 1736
99 725
102 583
112 115
115 119
259 272
259 428
267 289
276 289
277 1922
278 320
280 1121
280 1537
281 319
310 272
314 297
316 804
338 319
343 281
351 97
379 101
391 1865
423 1935
492 103
494 115
550 100
550 382
645 302
704 523
705 292
841 104
925 429
1512 116
1568 263
1868 748
1939 1710
39 290
80 947
83 116
101 523
105 655
256 1944
268 314
278 319
278 363
280 496
310 116
325 369
454 115
456 104
468 1492
469 369
520 1945
538 1703
639 304
658 115
659 667
888 374
1167 681
1326 297
1479 263
32 45
32 333
99 111
99 960
101 121
105 638
110 263
114 299
117 877
264 288
268 441
272 404
275 313
276 804
276 1279
277 296
277 983
280 653
280 1842
286 97
290 635
300 111
301 404
303 109
341 108
341 1410
364 108
461 108
516 288
574 115
596 263
596 635
612 263
659 980
670 1551
747 297
858 573
866 778
882 1101
888 573
1056 690
1075 121
1094 116
1119 1965
1178 1646
1240 327
1398 777
1516 115
1665 97
1708 115
1867 289
2010 303
70 269
77 121
97 374
101 561
105 273
111 364
112 97
115 121
117 263
259 661
259 816
264 441
267 313
268 1592
280 296
281 118
291 108
299 427
300 932
302 109
310 1365
331 571
338 273
338 920
341 648
381 301
383 115
391 577
442 527
461 115
515 795
515 971
525 299
525 307
555 121
555 2063
628 2079
629 112
779 1239
820 263
861 1148
938 327
968 1970
1039 112
1116 263
1128 263
1224 336
1271 121
1313 297
1339 494
1341 667
1617 1030
1667 640
1759 404
1938 579
1963 269
1972 693
2016 522
2020 102
32 385
99 327
105 324
115 668
117 348
117 429
264 1808
264 2014
272 297
277 565
278 784
293 105
301 344
302 115
303 115
347 307
371 288
391 114
391 482
393 452
407 290
458 382
486 327
510 1101
636 307
659 1224
702 274
702 2127
727 119
752 1678
780 2062
918 441
979 369
1155 297
1369 404
1411 327
1434 804
1574 1454
1591 344
1973 109
2017 364
2075 596
2109 1997
2113 382
2128 2139
32 39
71 472
76 1416
79 75
98 114
105 1015
109 1622
117 326
259 784
259 2155
272 111
278 274
280 565
287 2059
302 116
325 299
325 1226
359 513
368 1797
374 1837
391 565
419 296
461 1410
484 2090
525 1492
551 97
558 2154
596 2108
646 843
659 1050
679 1455
702 445
735 2175
752 98
756 374
756 2106
789 1860
874 464
919 324
1018 116
1176 297
1181 404
1268 121
1289 1086
1316 121
1324 494
1327 1282
1398 289
1411 297
1607 263
1656 324
1818 527
1857 1305
1858 97
2044 681
2056 363
2058 303
2066 307
2099 2052
2161 719
2183 2158
32 467
74 959
79 102
83 1140
97 458
98 577
103 464
109 303
110 110
110 307
118 299
261 286
264 429
264 1909
270 114
277 310
277 440
280 286
280 687
281 1364
295 2023
314 594
350 2011
365 851
384 667
405 108
407 965
422 115
424 103
457 98
479 260
486 343
510 653
540 2104
559 328
581 568
582 324
593 301
593 441
599 528
611 1534
657 101
673 303
805 109
900 600
1016 288
1047 119
1082 527
1091 1111
1093 1534
1227 706
1295 281
1299 101
1339 2230
1341 1480
1367 1282
1388 2219
1421 101
1472 1620
1556 2214
1752 1469
1845 322
1980 403
1987 263
2225 322
2226 2228
2265 303
32 296
66 101
68 369
72 322
83 681
99 653
102 2022
103 121
103 289
105 98
105 111
108 297
109 109
116 111
261 282
264 458
264 482
264 1844
267 288
267 1537
268 297
268 1400
271 114
272 121
275 579
276 785
276 808
276 1872
277 269
277 351
278 101
281 121
287 1196
294 965
295 533
305 404
317 107
325 976
325 1855
338 1435
365 364
379 2173
380 2114
391 121
438 382
466 288
470 115
479 971
496 101
507 117
593 440
597 404
619 600
669 115
686 289
686 300
686 1931
703 116
724 281
733 307
756 118
769 1955
780 297
882 1086
887 121
968 1751
987 374
1031 2284
1047 327
1064 115
1073 121
1123 672
1150 115
1170 1030
1271 263
1312 1730
1409 115
1437 464
1507 299
1527 296
1580 263
1585 314
1585 1015
1651 2012
1684 281
1713 672
1731 2028
1953 281
1969 565
1974 98
1978 2286
2060 369
2170 418
2269 1765
2276 427
2290 300
2315 292
2339 121
32 1015
32 1258
63 1126
65 523
97 302
97 314
98 479
100 301
103 108
114 555
117 681
259 422
259 1529
264 310
265 2216
270 1337
273 369
278 422
287 307
291 314
307 281
309 322
310 112
317 118
323 281
325 738
350 1267
350 2325
354 2289
384 288
391 441
391 1977
396 2069
417 812
429 107
429 2190
438 943
443 112
465 1871
510 1226
520 101
542 110
545 107
570 1435
627 2382
646 374
665 530
666 302
673 428
679 288
685 2342
728 523
755 1171
774 288
790 347
858 121
861 1662
893 2047
898 116
998 471
1016 648
1047 1425
1074 296
1094 115
1101 327
1101 799
1122 109
1129 1174
1144 115
1240 112
1268 1107
1316 104
1326 2381
1362 281
1563 263
1563 527
1653 115
1661 404
1711 403
1715 2439
1762 527
1779 107
1800 2383
1830 115
1888 1015
1940 115
1985 385
2094 495
2209 2460
2300 2429
2344 101
2374 2380
2387 2444
2388 906
2391 2307
2418 2438
32 1296
72 422
101 324
104 530
104 1174
104 1622
105 281
105 404
105 1455
109 307
258 102
261 980
267 1203
268 313
270 86
275 613
275 687
275 715
277 300
278 2064
286 327
294 2288
298 2475
299 327
311 970
313 385
320 327
321 2215
325 292
325 600
325 690
331 1592
338 310
338 472
365 2152
369 101
379 1083
426 2474
439 2479
458 404
465 2217
466 263
473 101
497 115
516 1065
516 2061
538 434
538 568
545 1904
551 2495
582 299
582 374
612 307
612 1400
615 1469
618 327
623 1225
646 303
659 2509
685 2519
701 823
702 613
705 1971
716 959
814 768
852 2218
884 1903
942 523
985 297
1006 297
1027 297
1119 121
1289 684
1295 263
1376 738
1399 1994
1401 655
1414 1045
1436 101
1444 297
1491 471
1591 1932
1638 681
1770 116
1770 2496
1930 1996
2054 347
2221 1609
2233 121
2281 101
2310 1160
2385 1933
2396 121
2407 98
2453 804
2471 112
2491 281
2514 2117
32 281
32 364
32 1567
75 1051
105 626
105 1567
109 98
109 289
110 725
112 594
256 313
259 281
264 530
264 715
268 1895
270 2078
277 279
277 2473
280 440
280 482
281 344
283 104
285 290
298 1210
300 121
307 104
335 102
338 1196
341 618
371 639
380 1048
384 600
423 103
429 109
449 723
459 116
492 2575
511 1763
515 364
520 111
520 114
579 799
641 1442
667 281
717 943
730 382
735 2573
756 817
793 2588
901 2609
1016 97
1016 1467
1016 2593
1091 369
1134 119
1172 104
1192 1927
1292 116
1340 307
1341 272
1512 2282
1553 115
1623 319
1667 345
1769 460
1777 2577
1779 1600
1917 115
1948 1678
1954 115
1961 2562
2001 336
2073 2432
2251 804
2336 635
2424 297
2456 101
2494 121
2504 1048
2568 2611
2570 301
2590 111
2599 281
2605 101
2619 363
32 327
69 353
70 933
97 326
99 314
104 269
105 118
121 109
256 1223
258 971
259 314
261 428
261 453
265 601
268 983
269 429
270 744
271 626
272 429
273 110
275 583
276 279
277 636
278 114
278 334
280 1895
281 1701
284 310
291 418
291 562
295 431
298 313
298 351
298 1023
300 1600
301 97
313 2668
316 1025
316 1467
325 297
325 2658
326 748
337 1319
371 1284
380 482
384 1949
396 604
417 347
466 290
468 1707
479 292
493 600
496 98
507 116
516 920
526 431
535 98
565 104
593 1662
593 1902
607 1454
646 336
659 288
659 2408
725 635
730 1861
756 100
779 1161
802 2689
1021 761
1047 281
1074 101
1087 1521
1127 115
1141 2384
1167 583
1202 279
1224 2679
1285 263
1339 725
1384 115
1399 2656
1413 2657
1414 635
1417 463
1427 464
1440 101
1506 115
1527 120
1561 263
1569 434
1580 297
1617 647
1628 297
1671 527
1741 115
1773 1735
1866 107
1880 471
1956 115
1975 434
1984 115
1999 263
2025 2672
2081 787
2159 404
2239 2050
2306 1946
2480 2703
2523 115
2608 297
2675 107
2686 288
2691 327
2693 2730
2698 464
2718 2671
32 78
67 431
77 496
83 303
83 647
97 324
98 288
99 1203
101 107
103 534
105 1532
108 943
108 1030
111 347
111 382
119 1222
257 119
258 586
259 604
259 2153
264 1258
268 579
275 976
277 2323
283 110
287 2124
307 302
308 97
311 269
314 296
317 2167
322 263
338 2000
341 101
341 2796
354 799
371 2409
379 2717
380 496
391 808
396 477
405 343
413 310
419 573
449 1148
457 1707
458 434
468 299
474 557
479 1442
492 300
492 369
492 1480
496 1835
496 2051
507 288
510 2824
520 440
550 2490
553 281
560 693
582 290
593 293
599 297
608 297
615 114
641 115
646 302
646 2118
651 799
667 289
679 2694
730 1533
802 1282
804 527
820 297
821 118
841 431
867 2340
888 302
888 1442
929 115
950 566
1033 115
1039 1532
1072 463
1072 565
1181 344
1202 2844
1232 1504
1247 115
1255 103
1386 297
1401 422
1401 618
1436 263
1527 1949
1550 115
1558 115
1581 1836
1660 98
1661 427
1777 2776
1836 1365
1907 655
1951 2775
2019 2830
2112 2777
2129 1835
2204 2873
2220 960
2224 804
2227 441
2249 1305
2296 281
2470 303
2483 647
2521 2324
2666 495
2715 1730
2757 297
2773 434
2790 1365
2810 336
2859 2013
2872 2819
32 51
74 1025
76 1552
99 99
100 560
101 289
102 471
102 889
103 117
107 110
108 292
111 324
116 282
116 458
119 494
119 667
121 297
121 2900
122 263
256 600
256 1950
259 601
259 2237
261 2003
264 299
268 1871
270 928
270 1751
270 2785
271 364
275 424
276 2912
278 533
278 1454
278 1529
278 2601
280 301
280 314
280 422
281 116
281 434
281 719
287 2015
294 1306
295 104
298 301
304 303
338 1763
350 928
350 1950
350 2688
359 566
374 429
380 121
393 1268
404 983
424 104
438 347
449 1902
455 260
455 343
457 314
461 1059
461 2909
466 429
469 100
477 116
479 795
487 115
496 1038
500 115
510 640
516 2378
529 297
535 1905
593 2936
596 104
613 2755
659 300
679 1903
701 2942
716 778
730 2906
735 2905
743 2111
769 422
788 269
798 111
861 875
882 1844
912 714
931 297
944 2948
968 2907
973 281
1021 1139
1029 297
1035 112
1072 496
1072 778
1074 2018
1129 334
1135 2013
1149 297
1188 115
1202 1529
1214 115
1280 2986
1382 2908
1383 1701
1406 115
1472 404
1607 620
1623 906
1656 364
1711 301
1812 119
1930 429
1975 1663
2120 699
2222 344
2285 105
2321 815
2357 1927
2486 638
2545 324
2659 429
2667 583
2673 2911
2677 336
2719 579
2791 3022
2813 121
2818 580
2836 385
2846 1305
2921 1765
2930 302
2932 117
2933 107
2938 429
2941 2937
2958 573
2977 307
2978 279
2979 528
3005 2213
3024 363
72 987
77 101
77 989
103 301
103 613
103 1108
104 596
105 300
106 1441
108 97
110 932
111 343
117 302
120 101
121 1933
257 290
258 2107
258 3057
259 304
259 699
259 1567
259 2951
261 297
264 576
267 496
267 2816
268 808
271 345
276 263
276 292
276 1416
277 319
277 784
280 2797
280 3056
286 112
291 364
292 385
294 3054
295 116
295 2710
298 288
302 667
307 594
323 527
325 296
326 307
338 1510
338 2348
338 2823
344 2162
350 2913
374 477
379 3017
380 477
380 2592
382 2781
391 2105
393 2910
406 1946
407 307
419 877
427 110
430 1226
435 3079
438 103
442 1551
449 551
456 1184
457 107
474 2973
477 808
492 1400
515 382
516 1999
520 482
520 1140
558 522
560 3096
593 613
600 327
612 288
618 297
627 1505
627 1797
628 111
646 655
701 429
732 297
742 121
793 364
802 1211
841 299
841 2786
861 101
876 289
884 434
892 297
915 115
968 340
1018 1703
1035 1022
1039 3090
1042 281
1070 101
1123 2111
1132 965
1151 3094
1181 3139
1224 111
1240 2687
1253 111
1283 121
1325 347
1385 3115
1399 3048
1411 301
1412 307
1472 3106
1478 302
1479 115
1482 263
1486 115
1488 297
1519 472
1631 121
1658 115
1665 890
1713 566
1731 99
1758 974
1759 1995
1812 639
1845 101
1866 1296
1880 116
1914 263
1921 115
1932 527
1988 97
2103 3050
2126 1521
2157 889
2223 445
2234 364
2305 1145
2498 297
2511 115
2578 281
2587 307
2630 418
2653 2559
2670 302
2704 263
2831 288
2917 3182
2920 3107
2940 1284
3059 101
3098 3202
3111 3058
3127 808
3184 3122
32 958
70 114
77 1148
83 1548
87 800
97 102
99 823
103 297
104 97
108 322
108 557
110 477
112 288
112 302
112 889
115 281
117 344
117 1022
121 494
122 494
256 635
256 843
256 2048
256 3224
257 369
264 281
264 322
267 577
268 273
268 299
269 327
269 471
276 2965
277 2124
278 1663
280 536
280 1168
280 1539
282 327
289 116
291 102
310 289
313 495
321 2574
327 1107
344 300
349 1306
351 103
351 107
365 1185
365 2902
365 3226
371 433
371 618
379 433
379 440
413 273
429 719
449 307
449 2379
455 97
457 3252
458 297
461 103
466 3219
474 448
474 3246
501 3100
508 3225
510 2572
520 385
538 116
558 2390
582 1905
607 2003
610 635
616 1319
635 119
641 1141
643 297
659 1226
701 3284
702 2505
710 761
717 817
723 110
732 115
735 108
736 3218
749 297
772 115
801 2576
811 3213
841 3153
882 322
882 2049
888 347
913 281
950 1425
966 297
979 3212
998 1183
1019 960
1074 1764
1075 345
1089 467
1129 2478
1149 569
1240 347
1253 560
1271 115
1283 297
1289 2780
1299 263
1309 121
1325 1505
1354 347
1369 693
1370 104
1384 2901
1391 714
1405 1258
1413 2904
1444 115
1467 960
1487 1601
1499 3051
1518 2050
1530 121
1574 3292
1580 906
1590 115
1612 1086
1657 364
1726 768
1769 1107
1812 3264
1837 121
1857 804
1858 667
2019 478
2129 693
2223 3282
2236 635
2253 808
2294 1505
2301 115
2316 464
2563 303
2597 297
2600 422
2684 1600
2764 269
2903 1364
2961 101
3012 422
3064 101
3135 1646
3159 297
3173 3081
3232 1663
3235 1505
3250 273
3271 804
3279 121
3287 768
3329 269
32 263
46 46
73 102
77 114
97 119
98 269
101 1416
105 422
105 496
107 297
108 784
109 385
111 1532
111 3238
112 374
116 301
117 677
119 101
256 301
256 360
258 1037
259 385
259 458
259 557
259 1435
259 3249
261 1174
262 382
265 2952
267 279
267 784
267 3245
269 336
269 725
275 1985
275 2962
276 288
277 2799
278 494
278 906
278 1872
280 682
280 989
281 363
285 429
288 1410
295 952
296 101
298 1808
298 2660
303 107
307 101
311 976
311 3390
313 2283
319 1125
320 115
338 832
354 327
355 3407
365 943
365 3388
371 2778
374 2348
379 1210
380 440
384 2046
384 2727
400 327
404 303
405 653
419 494
423 3443
424 777
430 1470
442 115
452 1364
456 3448
468 109
469 306
485 464
515 3379
516 690
520 292
520 351
520 2390
544 523
545 109
549 1861
550 1736
559 394
582 1508
582 3384
605 650
616 115
619 875
628 279
657 327
663 327
683 523
701 1521
702 3255
735 672
735 1365
749 115
752 1449
756 943
766 464
769 748
772 302
774 324
788 1977
797 297
799 1048
821 99
861 3386
886 115
893 3053
918 653
937 115
967 2167
968 1855
968 2000
968 2477
992 273
1089 2049
1118 115
1119 620
1121 795
1123 3421
1134 403
1179 299
1192 119
1196 115
1215 297
1231 877
1253 1030
1253 2759
1289 1174
1325 112
1369 3429
1486 297
1528 115
1528 301
1584 263
1611 115
1633 263
1651 2782
1660 119
1715 2162
1752 273
1907 112
1948 345
1953 1425
1961 3419
2101 115
2123 115
2176 115
2245 263
2305 583
2331 3381
2414 263
2414 618
2440 1066
2569 3450
2579 1305
2607 562
2663 2115
2676 528
2734 3387
2811 2476
2885 638
2934 289
2974 777
3075 1015
3085 1125
3118 404
3131 445
3138 1455
3228 3220
3261 121
3325 1521
3369 1415
3374 795
3393 647
3398 3417
3408 1364
3409 3487
3410 795
3415 496
3420 121
3435 604
3462 1206
3491 1121
3559 111
32 1831
32 3248
66 121
71 111
71 1030
76 101
79 661
80 1148
84 111
87 551
98 358
98 507
98 768
99 431
100 269
102 638
102 3216
105 1533
105 1673
105 2115
108 115
108 281
108 952
108 1045
108 1350
109 304
109 952
109 1551
112 1150
112 1434
115 286
115 327
117 120
117 434
117 876
256 292
256 667
258 118
258 119
258 3231
258 3598
259 302
259 424
261 699
263 1620
264 307
264 636
265 586
265 620
265 2046
267 2107
268 263
268 784
276 272
276 3601
278 551
278 2299
280 358
280 467
282 3594
288 1291
288 3593
291 817
291 3223
292 795
298 1400
299 404
299 1620
305 1319
309 565
311 2705
314 116
316 2493
317 382
317 3584
317 3599
323 2779
324 382
327 471
335 115
337 115
338 639
338 959
338 1121
338 1150
351 110
354 344
357 364
365 1934
368 3437
371 812
379 1909
379 3087
380 111
380 928
391 1735
396 279
421 3591
422 3582
424 2051
429 115
449 3502
455 336
457 618
458 263
461 3597
466 299
469 561
477 2706
479 344
520 889
525 429
525 638
535 292
550 289
582 429
582 1994
593 1474
593 2840
599 2972
607 3254
617 297
619 1045
643 115
646 345
659 823
659 1609
665 1276
701 300
701 808
702 279
703 1183
705 2478
710 260
716 1086
716 3406
735 2105
743 672
756 1282
783 3580
791 667
802 3583
812 427
834 115
841 2064
841 3630
861 2394
861 3425
882 445
884 3640
888 292
888 1764
897 1276
901 272
901 3629
962 369
968 555
975 719
977 2899
978 464
992 3636
998 427
999 115
1016 302
1035 1934
1084 148
1091 299
1099 3677
1149 281
1186 101
1191 115
1212 422
1228 115
1257 101
1273 115
1277 297
1285 297
1289 3428
1303 115
1325 1185
1325 2018
1338 804
1357 297
1369 568
1412 115
1431 3592
1434 105
1450 1015
1477 1533
1487 314
1536 2213
1562 115
1577 297
1584 297
1606 297
1611 297
1711 119
1773 2116
1819 115
1888 2914
1974 2118
1978 583
2073 687
2101 263
2159 2963
2181 115
2222 1139
2224 2493
2227 2525
2238 3052
2238 3613
2249 121
2294 3596
2298 110
2298 1998
2304 404
2321 404
2397 678
2440 2048
2502 1469
2536 115
2569 314
2607 345
2709 422
2723 527
2737 263
2827 263
2959 1998
3021 263
3068 693
3083 288
3084 635
3091 404
3129 118
3215 1532
3362 434
3412 2193
3457 281
3523 101
3571 101
3595 97
3604 121
3605 107
3609 723
3610 988
3611 288
3615 263
3616 3590
3617 116
3623 3602
3642 971
3644 471
3660 344
3685 97
3701 121
3707 110
3708 1609
3710 1048
3727 3755
3759 638
65 260
66 928
66 3668
69 1415
71 2759
74 440
77 1048
82 3344
84 1337
87 440
89 610
97 272
97 1059
99 3841
100 302
103 327
103 445
103 579
105 943
109 502
109 1735
110 557
110 1140
111 120
114 110
115 99
117 768
119 115
120 121
121 429
256 385
256 604
256 1226
257 965
259 306
259 832
259 859
259 2660
261 313
262 1416
264 304
264 440
264 507
265 3853
267 719
268 2115
268 3086
269 344
269 1196
272 363
273 971
275 725
275 843
275 2394
276 322
276 2237
277 3124
278 858
280 292
280 1101
281 111
283 495
288 105
288 434
289 477
293 263
295 668
295 1548
298 303
298 613
298 667
301 434
303 121
309 3892
309 3900
320 104
321 114
325 424
325 569
334 382
337 111
338 1842
344 527
345 639
349 1268
352 3846
391 320
391 530
391 889
393 107
414 115
435 2378
435 2477
438 3858
440 97
442 281
443 1934
447 2801
457 971
457 3857
461 102
465 3809
467 97
468 2574
474 528
474 600
477 748
477 960
484 2783
492 618
497 263
516 3055
535 112
535 119
540 1505
550 2018
558 2935
565 596
573 1030
574 1183
581 109
581 382
596 495
607 3380
615 3852
619 472
619 1480
627 3585
628 296
634 114
641 573
665 491
679 3331
696 115
701 105
702 3904
713 569
716 322
735 3803
752 3911
756 299
767 464
801 115
821 281
843 1198
848 687
907 3851
910 297
918 2572
924 464
942 111
950 3935
979 288
1016 308
1016 823
1019 513
1029 3350
1047 374
1047 653
1056 1480
1096 817
1123 272
1129 3586
1129 3889
1144 297
1154 115
1170 706
1192 3842
1241 110
1253 472
1253 1048
1257 706
1267 327
1287 569
1288 115
1300 3862
1316 960
1324 877
1324 3589
1325 314
1369 815
1377 464
1398 115
1401 429
1413 650
1424 109
1436 297
1477 3856
1478 2116
1494 678
1511 3669
1518 3848
1524 1183
1538 112
1547 532
1571 115
1573 427
1574 3628
1582 557
1606 115
1623 116
1623 3845
1654 103
1660 347
1671 115
1738 115
1752 108
1763 302
1862 101
1960 297
2031 3221
2077 297
2087 314
2112 2825
2120 3447
2149 1393
2234 418
2239 1182
2243 416
2254 115
2278 877
2291 110
2291 1998
2296 748
2323 1030
2379 1364
2397 672
2403 464
2531 263
2603 4053
2617 115
2734 2047
2770 360
2793 566
2793 1668
2820 263
2835 1337
2918 579
2918 3647
3108 1425
3125 527
3164 2559
3247 3891
3270 2825
3294 2783
3366 681
3404 115
3452 693
3488 274
3498 3947
3506 3936
3524 823
3574 111
3606 4054
3652 1223
3665 618
3735 257
3863 97
3864 281
3866 4007
3870 2193
3871 98
3873 327
3880 2935
3881 952
3882 3849
3884 1125
3887 3843
3893 97
3895 690
3897 3923
3910 297
3912 281
3927 3946
3928 3047
3932 2287
3934 620
3940 263
3943 799
3955 3217
3956 748
32 360
39 46
39 100
44 1126
66 97
68 300
68 1931
76 928
76 2011
76 3931
77 303
77 482
78 296
80 1662
80 2394
83 2023
87 3667
87 3840
89 723
97 118
97 507
99 282
100 282
100 795
101 303
102 1223
102 3756
105 579
107 121
108 427
108 577
108 1549
109 301
109 690
110 635
110 3251
112 263
112 959
114 114
115 272
115 1030
115 2299
117 1532
117 2340
117 3251
118 566
119 1955
120 1305
122 281
122 327
256 424
256 428
259 289
259 310
259 345
259 1226
259 3876
261 983
263 4145
264 2061
264 3654
265 327
265 1306
267 1030
268 307
268 684
270 4154
271 260
271 817
275 97
275 690
277 263
277 303
277 369
277 687
278 458
278 555
278 1493
278 2028
278 3424
280 279
280 477
280 648
280 1111
281 1196
281 3047
281 3588
285 2409
285 4149
286 289
286 297
286 594
287 530
287 1685
287 2705
287 3430
289 121
289 4144
295 4138
298 496
299 97
299 111
299 297
299 445
301 4150
302 1350
315 273
320 281
325 3951
338 282
338 358
338 690
338 3603
338 4213
341 403
350 577
355 2476
357 4141
358 1996
364 1108
365 101
365 1131
365 1764
369 322
380 1065
380 4097
384 3878
391 2525
391 3126
404 334
405 288
407 4139
423 4157
461 1861
461 3646
465 273
465 2107
465 3581
484 528
507 635
510 528
514 115
516 3520
520 304
520 551
520 1470
525 667
525 4233
535 3222
538 263
538 297
538 1663
548 114
559 440
559 4036
559 4168
565 101
565 115
592 374
593 4249
599 3633
599 3711
615 303
619 653
626 477
629 308
645 2049
646 382
646 4199
659 111
659 3908
679 300
686 4129
687 385
699 121
701 4228
703 471
704 1182
705 1174
735 4131
745 4194
758 2779
764 579
780 610
788 1971
799 97
799 115
807 101
821 2015
848 4201
852 1433
858 3854
861 3587
861 4152
861 4284
867 3879
876 297
884 568
885 115
885 1183
888 310
897 1225
908 297
911 297
938 3360
954 1038
959 121
968 3855
968 3973
973 110
1000 429
1008 800
1021 1860
1024 115
1024 297
1047 347
1047 1764
1070 327
1074 1533
1075 1238
1097 297
1137 115
1178 770
1240 655
1253 3678
1280 4142
1308 4143
1325 4229
1325 4274
1332 115
1340 327
1340 471
1369 434
1385 3382
1392 297
1420 115
1422 513
1434 97
1434 269
1462 3389
1467 257
1467 336
1528 297
1559 115
1566 2015
1566 2324
1584 281
1586 4350
1655 1015
1655 4158
1660 1905
1701 263
1715 4217
1726 111
1746 650
1777 4195
1800 1521
1867 4283
1888 4159
1912 115
1928 115
1941 115
1960 327
1987 327
1988 434
2001 1038
2046 477
2081 4196
2081 4214
2094 513
2140 297
2157 464
2157 4361
2169 115
2238 3222
2240 301
2292 115
2292 297
2298 974
2304 815
2304 4210
2306 302
2419 1109
2463 263
2489 115
2533 2193
2545 353
2563 784
2578 748
2591 115
2600 2236
2640 527
2654 530
2684 3049
2764 1508
2928 115
3015 297
3076 263
3101 297
3108 281
3208 778
3363 1015
3378 107
3391 98
3396 102
3400 263
3455 307
3466 527
3522 1108
3619 281
3634 263
3705 4151
3706 3385
3725 111
3802 428
3886 1442
3942 110
3957 1441
3963 4348
3972 2283
3977 263
3990 327
4014 272
4027 263
4041 115
4077 2963
4110 479
4114 97
4120 429
4128 97
4134 795
4164 4215
4165 491
4170 1045
4172 445
4175 491
4182 404
4184 1434
4186 4413
4191 4301
4204 748
4222 1203
4227 269
4243 289
4246 635
4282 292
4289 3360
4298 719
4300 808
4336 115
4365 1836
4384 364
4449 4266
32 85
32 120
32 297
32 367
33 39
63 412
65 104
65 273
65 2217
66 369
66 3087
68 292
68 3269
69 1766
69 2727
70 808
71 1048
71 4046
72 97
72 3055
73 115
74 2840
75 3350
76 395
76 1950
77 440
77 2114
78 360
78 2472
79 4267
80 4130
81 117
83 104
83 2710
84 928
84 2078
89 279
90 1086
97 1533
98 952
99 117
99 281
99 682
99 1125
99 1305
99 2525
100 97
103 748
103 1030
104 472
104 541
104 890
105 817
108 112
108 3847
109 422
110 101
110 115
110 272
110 1996
111 306
111 1185
112 440
112 471
114 528
114 1474
116 115
118 105
118 286
119 2408
119 3424
121 302
121 1210
257 288
258 320
258 3894
259 812
259 4001
261 555
264 385
264 502
264 1782
267 105
267 596
268 723
271 943
272 815
273 464
274 404
275 561
275 1931
275 3269
276 1160
276 1735
277 458
277 1045
277 1125
277 2601
278 613
278 1955
280 566
280 980
281 99
281 4525
282 263
282 281
282 555
282 667
283 513
285 299
285 557
285 4133
288 348
290 121
292 327
293 4522
294 290
295 110
295 1529
298 804
299 263
299 1710
300 327
301 4510
303 1904
311 604
311 2784
315 4516
316 4376
317 427
319 300
325 322
325 507
338 369
338 4534
344 4526
347 121
350 1416
351 327
368 532
379 4153
379 4527
379 4593
380 2069
380 2078
385 799
391 296
391 453
391 1174
400 281
405 314
405 347
405 618
405 2899
405 4509
417 299
435 687
437 635
437 4506
438 369
443 382
453 115
454 2283
455 4550
457 299
457 1022
457 4517
458 719
461 668
461 2282
461 3331
469 1284
470 4566
473 327
475 97
476 707
484 296
484 4524
492 4575
493 1125
496 327
497 1183
505 44
510 279
515 682
515 2022
516 114
520 1210
550 2051
550 4006
559 800
582 1455
597 103
601 116
606 527
607 3520
607 4549
615 1150
618 121
627 3217
628 428
628 4601
629 272
629 4565
630 2472
635 364
638 464
641 4507
646 573
646 3383
646 3600
654 263
659 1701
659 2784
659 4578
667 263
685 858
694 156
698 1108
701 2962
705 653
710 2012
716 699
733 297
735 4147
752 4306
776 281
784 672
788 715
788 1174
813 1995
827 263
830 4513
841 108
843 385
848 310
861 2799
861 4528
866 4570
867 364
892 263
893 1210
900 1125
901 672
912 279
912 1480
917 121
917 263
918 101
918 424
929 121
941 464
968 3344
968 4207
972 374
982 635
985 281
1009 2472
1021 738
1021 4200
1036 115
1073 1125
1079 1609
1122 2706
1122 4155
1128 297
1138 115
1143 263
1162 115
1169 4101
1174 327
1176 115
1191 263
1215 115
1216 4690
1253 1751
1253 4440
1261 464
1267 297
1295 297
1316 327
1325 655
1333 263
1333 327
1338 1196
1338 3507
1351 115
1360 4630
1367 748
1368 281
1374 269
1375 1045
1375 4536
1381 327
1386 1108
1387 115
1392 115
1397 3221
1399 600
1399 960
1399 4503
1399 4707
1401 308
1403 115
1414 297
1427 281
1446 3579
1447 115
1463 115
1469 1620
1472 471
1510 304
1535 115
1549 530
1569 4521
1582 279
1584 434
1585 1534
1603 427
1603 974
1660 115
1661 1995
1665 4514
1679 115
1706 2784
1715 2592
1731 4598
1748 115
1769 640
1773 768
1773 1428
1790 464
1807 297
1810 121
1814 1702
1880 1183
1891 297
1907 1533
1914 327
1937 4532
1948 1238
1951 4599
1973 2190
2004 3214
2024 297
2031 4586
2054 655
2054 1185
2060 116
2103 114
2103 281
2103 1425
2140 263
2142 115
2221 300
2251 3507
2253 1735
2253 3877
2285 314
2291 974
2309 491
2336 1045
2355 3579
2403 115
2483 3673
2486 1609
2498 327
2515 297
2516 297
2521 4643
2579 364
2579 418
2603 1201
2662 297
2663 324
2670 2116
2692 297
2704 297
2707 115
2735 115
2745 115
2770 296
2821 115
2827 115
2835 723
2835 778
2856 115
2885 263
2924 635
2939 297
2952 427
2955 1125
2959 110
2993 2193
3009 115
3084 560
3091 815
3119 1108
3119 2287
3129 3052
3146 115
3179 115
3270 1510
3301 297
3312 263
3312 281
3323 297
3336 1646
3336 2153
3363 2914
3375 46
3377 115
3505 263
3568 327
3577 460
3612 297
3732 4531
3732 4776
3812 2153
3867 3049
3888 1125
3929 682
3933 263
4035 1121
4093 263
4140 297
4174 404
4179 4853
4183 100
4192 808
4219 4146
4273 115
4275 808
4279 566
4315 1663
4414 714
4453 115
4465 4772
4466 301
4496 560
4518 560
4537 4569
4546 4502
4561 4568
4592 2218
4595 281
4596 3382
4606 115
4616 281
4619 302
4628 121
4635 288
4660 121
4675 301
4679 100
4682 3901
4700 121
4726 115
4755 116
4777 647
4879 799
4900 115
4904 620
32 10
32 32
32 322
32 4551
34 44
44 39
46 39
65 119
65 3581
65 4239
65 4903
66 108
66 1539
66 2173
66 4148
66 4638
67 299
67 2786
68 1279
69 120
70 970
70 3756
70 4295
71 307
71 3678
74 301
74 636
74 1662
74 1902
75 804
76 2688
76 4347
77 1065
78 1210
79 107
79 114
79 119
79 2012
79 2782
80 3587
82 105
82 476
82 1970
82 2000
83 431
83 759
83 928
83 4708
84 114
84 4206
87 328
87 3635
87 4523
90 2780
97 292
97 336
97 418
97 655
97 1015
97 1139
97 1534
98 117
98 300
98 1125
98 2287
98 2755
99 105
99 1620
100 263
100 777
101 263
101 281
101 336
101 422
101 429
101 681
101 1015
101 4212
102 2048
103 777
104 296
104 467
104 620
105 4584
107 269
108 569
108 2105
108 4585
109 667
109 1045
109 4211
110 107
110 1314
111 101
111 263
111 345
112 635
112 690
114 687
116 101
116 363
116 1108
116 3901
117 327
117 1196
117 1364
118 429
119 479
119 690
119 1416
121 274
256 288
256 989
256 3447
256 3654
257 374
258 404
259 293
259 569
259 1023
259 1266
259 2285
259 4567
261 808
261 1508
261 4297
262 872
263 121
263 297
263 477
264 302
264 319
264 327
265 273
265 458
265 5016
268 281
268 320
268 620
270 4206
271 677
272 1196
273 263
273 3646
273 4992
274 286
275 568
276 300
276 476
276 610
276 3711
277 653
277 1633
277 2003
277 3086
278 296
278 306
278 308
278 429
278 519
278 530
278 719
278 4681
280 424
281 97
283 1183
286 513
287 808
287 2965
289 327
289 579
291 1946
291 5017
293 101
295 109
295 112
295 299
295 1567
298 302
298 463
298 858
298 1433
298 4984
299 815
300 97
300 1196
300 5110
301 297
303 263
303 471
303 1282
303 1364
307 115
307 121
308 1038
308 1904
311 858
311 1203
313 804
313 2901
317 1861
319 345
320 799
322 115
322 1109
323 115
325 613
325 1707
325 1868
325 2801
325 2972
326 2116
331 307
331 1279
331 3378
338 3254
338 4351
338 5095
341 639
341 5005
342 5028
346 101
350 395
350 1729
350 4347
350 5071
355 4137
357 347
357 4995
358 301
364 429
366 110
369 327
371 557
372 297
374 114
379 121
379 313
379 577
379 5112
383 1182
384 404
384 557
384 626
385 464
391 1592
396 569
405 1284
407 2781
413 382
423 4993
424 115
427 1107
432 108
435 1174
438 1764
438 2118
455 3383
457 586
457 2782
458 1107
461 467
461 947
461 1449
461 5156
463 281
466 761
466 1707
469 382
470 1995
474 3633
476 471
479 1905
484 536
485 1282
485 2576
492 324
493 101
505 46
507 988
508 115
508 4156
510 604
510 5029
515 112
515 1238
515 1449
516 5205
520 299
520 577
520 714
520 2505
520 5158
525 2216
525 2801
533 281
540 1716
540 2706
545 297
558 1030
559 1416
559 3667
559 4316
575 3850
579 5124
581 1268
590 2472
596 960
599 569
599 5233
607 653
607 5003
608 115
610 1108
611 1319
613 263
615 970
615 4295
619 448
619 784
619 1174
619 4501
622 1276
629 2432
629 3215
641 5023
652 3389
654 115
657 422
659 5120
659 5155
659 5239
673 4577
679 422
679 648
679 2778
679 4998
686 292
699 1108
699 2287
701 307
701 3237
705 5121
710 2727
710 4576
710 5018
716 2972
719 464
727 5053
735 678
735 807
735 5033
743 3053
747 115
747 301
755 1533
756 289
756 1707
758 4519
758 5035
780 569
798 1965
819 263
821 843
827 302
851 101
858 364
861 4774
861 5013
861 5125
864 115
865 101
867 1934
887 1108
892 115
893 5070
897 1107
900 1904
901 959
910 115
911 115
912 463
914 115
917 297
918 5109
924 281
929 281
937 297
938 98
938 2903
938 5307
942 1182
981 5273
991 121
992 5292
999 297
1005 307
1017 281
1029 804
1033 101
1047 573
1047 748
1056 4412
1069 297
1070 4697
1075 336
1075 3383
1084 147
1091 5002
1094 297
1098 115
1119 111
1122 5117
1126 46
1129 1971
1133 115
1140 115
1149 110
1157 464
1170 3847
1170 4515
1202 269
1202 638
1227 4982
1236 115
1240 1934
1252 464
1253 307
1253 1997
1253 4046
1257 4530
1264 523
1277 115
1285 115
1287 115
1289 5019
1299 327
1299 4137
1306 1268
1310 1045
1311 464
1313 569
1326 327
1339 579
1375 635
1380 115
1381 297
1401 281
1417 5111
1436 327
1482 297
1491 115
1513 297
1524 1239
1536 297
1541 3237
1562 297
1566 4587
1574 4733
1574 5116
1581 115
1582 2105
1587 4132
1597 297
1603 1468
1606 116
1607 297
1634 121
1651 75
1651 458
1651 5012
1656 943
1660 1505
1661 815
1704 464
1713 583
1724 297
1792 115
1807 115
1877 115
1889 115
1891 263
1907 1934
1910 115
1911 115
1912 5010
1936 5030
1938 107
1951 1049
1961 5024
1963 5191
1972 4135
1988 422
2007 115
2007 4211
2017 418
2019 4656
2030 327
2056 5041
2066 5364
2080 115
2099 445
2119 115
2120 778
2152 804
2164 115
2164 693
2168 4101
2170 102
2187 115
2187 1045
2198 115
2209 4996
2220 513
2220 1710
2220 4132
2233 356
2234 817
2237 1108
2241 115
2255 297
2267 464
2270 115
2277 5034
2281 263
2291 374
2310 513
2333 115
2393 303
2397 5067
2397 5230
2400 494
2424 263
2434 297
2436 297
2440 310
2456 327
2465 115
2470 453
2480 288
2488 115
2488 477
2488 4508
2563 2117
2587 748
2602 777
2603 4608
2604 2505
2626 115
2630 364
2653 5450
2662 2384
2667 263
2673 5096
2676 2705
2676 5393
2677 263
2699 297
2719 422
2770 530
2787 297
2802 297
2833 297
2838 115
2843 263
2934 471
2974 3844
2975 115
2985 121
2994 115
3001 115
3012 2236
3021 1045
3040 115
3042 115
3060 635
3068 300
3083 279
3085 4989
3101 115
3109 115
3119 464
3131 5031
3138 869
3140 297
3162 115
3178 115
3208 1337
3247 5119
3278 5342
3294 2090
3303 1125
3315 121
3336 4741
3391 301
3396 534
3400 101
3414 5004
3452 1835
3466 115
3470 263
3488 1195
3498 1442
3506 2477
3522 108
3524 4678
3538 115
3550 297
3570 263
3577 1107
3603 297
3607 5008
3614 5520
3648 110
3650 115
3705 382
3725 101
3782 569
3801 297
3802 734
3812 1646
3860 1108
3867 2215
3888 3124
3905 777
3905 795
3933 115
3949 115
3959 297
3981 115
3982 4533
3998 1393
4026 1196
4035 1855
4122 513
4169 121
4181 429
4185 464
4185 1108
4255 263
4256 3269
4256 3673
4272 103
4281 320
4281 3430
4305 799
4305 4296
4391 4991
4391 5430
4448 115
4463 112
4494 4316
4541 4990
4557 114
4580 5130
4622 263
4631 579
4649 5536
4666 738
4696 1226
4698 1108
4761 5068
4763 573
4769 115
4780 5022
4783 495
4812 1609
4817 1860
4821 2299
4847 2283
4886 263
4891 1108
4899 5594
4917 3223
4937 445
4940 114
4945 4505
4966 1274
4970 530
4987 980
4988 103
5037 452
5040 422
5042 4668
5047 5011
5048 279
5052 5221
5056 5054
5057 1185
5058 428
5063 647
5073 2904
5074 1046
5077 748
5082 5291
5083 5090
5084 1904
5085 495
5087 269
5102 5186
5103 4661
5104 101
5107 263
5122 299
5126 1066
5134 115
5164 115
5167 5020
5169 889
5187 4997
5213 647
5215 121
5219 121
5222 121
5250 5241
5276 2015
5278 3894
5284 1111
5289 1045
5303 5009
5415 5014
5422 4669
5480 115
5590 344
32 49
32 56
32 57
32 88
32 89
32 431
32 760
32 1503
32 5577
33 4645
39 364
39 399
39 505
63 39
65 110
65 290
65 971
65 3809
65 4576
65 5137
66 313
66 358
66 433
66 440
66 959
66 1086
66 2717
66 3017
66 4153
67 97
67 104
67 257
67 288
67 1622
67 3153
67 3635
67 5198
68 920
68 2062
68 5000
69 119
70 303
70 361
70 583
70 1259
70 1469
71 273
71 4440
72 69
72 565
72 2288
72 2816
74 293
74 441
74 1474
75 297
76 2325
76 2913
77 111
77 2049
77 2078
77 2288
77 2592
77 2797
77 4097
79 320
80 101
80 320
80 1510
80 2799
80 3425
80 4774
82 340
82 463
82 1855
82 3855
82 3973
82 4207
82 5001
83 112
83 119
83 351
83 369
83 533
83 1529
83 3216
84 744
84 1450
84 2785
84 5698
85 103
85 104
85 112
85 382
85 677
87 257
87 441
87 980
87 4036
89 101
89 496
89 989
90 684
90 1174
90 3428
97 104
97 3430
98 115
98 272
98 303
98 334
98 422
98 748
98 784
98 1045
99 108
99 363
99 427
99 429
99 707
99 920
99 1161
99 1434
99 2307
100 111
100 115
100 620
100 804
100 1045
101 102
101 299
101 639
102 351
102 361
102 401
102 1150
102 1450
102 1551
102 2015
102 2046
102 4587
102 5115
103 477
104 105
104 121
104 288
105 288
105 761
105 1238
105 5299
106 5197
108 111
108 301
108 313
108 707
108 714
108 1268
108 2476
109 281
109 351
109 551
109 804
109 1835
109 2493
109 3635
110 99
110 111
110 502
110 653
110 807
110 1909
111 104
111 107
111 292
111 418
111 943
111 1238
111 1335
111 4994
111 5778
112 114
112 363
112 464
112 672
112 842
112 1922
112 4351
114 286
114 300
114 303
114 313
114 356
114 557
114 565
114 596
114 699
114 1782
115 257
115 263
115 363
115 513
115 2059
115 2213
115 5790
115 5810
115 5818
116 681
116 1125
116 2342
116 5099
117 260
117 464
117 1428
117 1429
118 1521
118 2046
119 257
119 263
119 5794
120 565
121 5815
122 297
122 600
122 1174
256 300
256 304
256 308
256 320
256 496
256 579
256 601
256 1174
256 1971
256 2780
256 2823
256 5265
258 286
258 836
258 3391
258 5161
259 292
259 301
259 440
259 464
259 496
259 1174
259 2048
259 2059
259 4577
259 5799
259 5870
261 273
261 292
261 322
261 579
264 274
264 334
264 401
264 778
264 2069
264 5798
265 326
265 1442
265 3850
265 4519
265 4986
265 5856
267 472
267 1729
267 1811
267 4681
268 302
268 448
268 496
268 638
268 890
269 299
269 307
269 382
269 799
269 4529
269 4583
269 5858
270 319
270 441
270 458
270 551
270 600
270 890
270 1944
270 2379
270 3126
271 562
271 687
271 871
271 1238
271 4994
272 308
272 799
272 1030
272 1045
272 1710
273 677
273 5850
275 296
275 307
275 308
275 351
275 2003
275 2493
275 5055
276 356
276 381
276 3237
276 3406
276 5099
277 302
277 401
277 479
277 507
277 638
277 5006
278 109
278 303
278 565
278 976
278 1633
278 4624
280 334
280 351
280 381
280 804
280 4608
281 110
281 336
281 364
281 464
281 1139
281 1749
281 5792
282 297
282 912
283 5025
284 382
285 110
285 422
285 4520
286 960
286 1045
286 4135
287 299
287 458
287 477
287 5863
288 594
288 3051
288 5927
289 5756
290 667
291 302
291 1185
291 5869
292 297
292 748
293 1730
294 471
294 5758
294 5801
295 314
295 1184
295 1266
295 3216
295 3876
295 4708
295 5780
295 5860
298 334
298 358
298 2028
298 4412
299 471
299 5788
300 263
300 471
300 1139
300 3844
300 5853
301 101
301 2104
302 971
304 263
305 1995
307 263
307 404
307 5949
309 706
311 433
311 596
311 1808
311 5177
313 115
313 513
313 974
313 3049
313 5872
314 491
314 5796
315 369
316 296
316 463
316 4985
316 6031
317 404
317 1141
317 5161
319 693
319 4584
320 121
320 427
323 5777
323 5813
323 5859
324 297
324 1609
325 1400
325 2490
325 5928
327 431
333 464
338 297
338 496
338 1480
338 1872
338 2014
338 5983
340 4505
341 299
341 327
342 5848
344 263
344 1030
347 297
347 464
347 1108
350 687
350 3931
350 4297
354 4156
358 297
365 263
365 6091
371 988
371 1400
371 3249
371 5757
371 6051
374 748
374 952
374 5127
379 640
379 2061
379 3668
379 4638
380 541
380 2797
380 3635
382 668
382 2778
382 5812
382 6073
385 3673
391 528
391 618
391 698
393 116
393 1730
396 440
396 6043
404 980
405 273
405 561
405 1185
405 1428
405 4306
405 4981
407 100
416 115
417 690
419 1428
421 110
422 3237
423 5820
424 1600
435 808
435 1267
435 1971
438 817
438 3600
438 5768
447 322
447 5129
447 5989
449 959
449 2823
449 5984
449 6053
452 477
455 272
455 1238
455 1764
455 5764
456 6118
457 104
457 699
458 98
461 464
461 2840
461 2910
461 3086
461 5605
461 5779
461 5800
461 6090
463 263
465 534
465 2899
465 4903
465 5806
465 5817
466 2840
466 5867
469 296
469 1764
470 5766
474 1622
476 1183
477 297
477 385
477 1174
479 3214
479 5831
480 115
484 555
484 557
484 4297
492 653
492 3126
496 385
499 5774
507 102
508 4147
510 6006
511 464
515 5128
515 5318
516 453
516 1872
516 2816
516 3588
516 4624
516 5114
516 6037
520 1441
520 1508
520 2061
523 494
525 5129
526 3245
526 5990
533 115
537 111
537 327
540 562
540 601
540 971
540 1139
540 2048
540 3854
549 5784
550 3600
557 297
558 5842
559 551
559 583
559 3635
559 3840
559 4523
565 263
565 327
575 2576
581 110
582 1454
582 1707
582 4986
583 3385
589 3437
597 932
601 263
607 1174
607 4501
607 4733
615 351
615 583
615 1259
615 3086
615 6230
616 3100
619 299
619 667
619 1685
619 4983
619 6068
623 1107
623 4006
628 4267
628 5055
631 5844
639 121
643 1108
646 1533
654 297
657 2236
659 299
659 565
659 684
659 1707
659 2396
659 4624
665 4006
667 297
667 327
667 495
668 307
668 1425
676 1450
679 618
679 667
679 1425
682 3385
685 5840
685 6040
686 5000
699 2116
701 463
701 2801
701 5947
701 6120
701 6280
702 1121
702 5861
702 6036
705 566
705 3502
705 3878
705 4983
705 6238
710 299
712 1468
716 2046
716 2505
716 3951
717 761
717 2902
723 6190
725 799
727 121
727 6042
730 5771
730 6072
732 281
733 121
735 1364
735 5785
735 5795
735 5836
735 5873
745 101
745 5929
755 6093
756 1533
756 6032
765 2490
769 1425
772 2116
774 1284
780 844
780 5021
780 5444
780 5826
780 6142
783 1195
783 2022
783 6288
784 263
788 3586
789 2104
789 4504
792 1108
793 1038
793 2340
797 2108
801 281
802 6035
820 281
827 527
827 1108
836 738
841 5198
841 6219
843 5762
846 297
848 269
848 566
848 1222
848 5264
848 5265
848 6050
851 299
852 5819
858 1442
861 1206
861 1470
861 1702
861 4130
861 6004
866 2784
867 112
867 655
876 281
882 2052
882 2801
882 5825
882 6012
884 4133
888 2022
893 5804
893 5843
894 5026
894 6215
901 2014
901 4351
903 464
903 795
903 3844
904 478
907 4156
911 281
912 4585
918 610
918 889
918 2525
918 5444
919 3231
922 1749
929 297
929 748
931 115
938 5791
938 5809
940 1314
940 3231
940 3585
950 281
962 299
968 351
968 1441
968 5001
972 6067
975 6056
977 282
978 580
979 4155
979 5865
979 6367
982 1223
982 2687
985 115
988 297
1003 121
1005 297
1005 327
1016 4678
1016 6279
1017 1268
1018 336
1018 2505
1021 770
1021 6055
1029 5781
1033 327
1036 297
1039 5299
1047 2778
1056 3238
1056 3378
1056 6030
1056 6281
1058 302
1058 5802
1061 115
1065 799
1073 327
1074 347
1081 324
1089 5824
1089 6173
1089 6359
1093 1268
1093 6106
1093 6197
1098 281
1098 297
1116 115
1116 297
1123 2069
1123 5264
1127 297
1129 530
1129 6054
1132 306
1135 5987
1147 327
1149 115
1151 260
1151 353
1152 5999
1162 297
1167 5092
1167 5997
1174 101
1175 281
1175 579
1177 281
1178 4001
1178 4741
1181 112
1181 655
1181 1274
1181 5137
1202 528
1202 6033
1204 327
1212 427
1224 1305
1235 1701
1240 1764
1246 281
1247 427
1250 115
1253 5170
1253 5846
1254 650
1268 778
1268 1579
1280 115
1280 1109
1298 115
1299 297
1312 115
1338 618
1338 988
1338 3126
1338 6267
1340 1998
1341 1811
1346 115
1362 263
1375 579
1376 2490
1386 2287
1391 1045
1392 281
1397 6397
1398 3214
1401 639
1413 115
1417 5828
1424 815
1424 6119
1467 2825
1471 297
1472 3588
1478 1045
1487 655
1487 1533
1501 115
1506 6188
1512 4504
1512 5851
1512 6116
1512 6283
1518 5835
1518 6128
1524 5027
1536 263
1536 5114
1541 6199
1541 6369
1561 4697
1562 5789
1563 297
1564 115
1568 115
1568 297
1574 6479
1575 115
1577 115
1584 115
1585 562
1586 110
1591 116
1591 471
1591 4529
1597 2117
1600 115
1610 416
1617 263
1617 297
1617 2659
1623 5838
1651 114
1651 626
1651 5026
1651 5032
1654 777
1654 1468
1656 112
1656 1131
1656 2902
1658 974
1660 1764
1672 115
1672 297
1680 5839
1680 6065
1683 1927
1701 327
1705 302
1706 6586
1713 288
1713 1145
1713 5092
1713 5951
1714 281
1715 6044
1715 6356
1725 115
1731 257
1731 471
1753 115
1754 4567
1772 761
1773 269
1773 302
1773 1865
1773 6378
1774 5178
1800 115
1818 1749
1862 115
1866 2048
1866 5833
1866 5985
1866 6052
1880 594
1907 2694
1908 115
1915 115
1917 121
1929 115
1936 115
1938 336
1945 115
1951 297
1951 5007
1961 3908
1963 385
1969 288
1969 440
1969 952
1969 2000
1969 4999
1969 5127
1976 5015
1981 115
1987 297
1988 2236
1993 464
1994 5776
2016 4529
2020 943
2025 4512
2029 115
2031 297
2057 115
2058 799
2058 2659
2060 594
2067 297
2067 748
2073 2706
2075 105
2094 960
2096 464
2101 569
2103 2048
2106 4412
2120 3255
2120 5177
2122 1183
2126 5811
2137 297
2149 3850
2152 528
2152 3507
2157 5115
2162 5025
2168 115
2199 2576
2205 115
2207 464
2222 1860
2232 1551
2233 2476
2234 5128
2238 5803
2245 115
2251 4212
2253 327
2253 1865
2253 5926
2255 263
2268 115
2269 2285
2277 5007
2279 2472
2289 327
2291 348
2294 5759
2294 5849
2300 3877
2311 121
2343 115
2344 121
2355 5830
2367 115
2385 5787
2393 2117
2395 2472
2403 1268
2403 5807
2405 115
2414 3126
2445 121
2463 297
2470 5948
2485 121
2486 6164
2492 115
2498 281
2501 263
2504 6005
2507 115
2508 115
2515 263
2531 115
2548 527
2551 327
2555 115
2584 297
2600 5841
2602 3214
2603 477
2603 648
2603 959
2608 6292
2617 263
2630 817
2630 5032
2648 115
2650 464
2653 5834
2663 107
2663 5170
2666 960
2676 4551
2683 530
2700 5805
2701 297
2715 2299
2747 2576
2757 263
2770 2472
2791 1030
2793 6186
2817 263
2818 5113
2820 297
2821 281
2821 297
2831 1441
2831 5197
2836 2951
2846 3248
2885 297
2886 115
2917 6089
2920 257
2934 5829
2940 322
2959 974
2974 3214
2993 4508
2996 115
3011 115
3015 115
3030 115
3030 1196
3045 429
3064 429
3068 1730
3075 2914
3075 6092
3076 297
3081 115
3083 4999
3089 1183
3089 3389
3101 263
3118 815
3118 1995
3119 302
3120 115
3125 115
3135 2153
3136 404
3152 115
3154 115
3159 263
3173 5991
3178 263
3198 115
3206 681
3208 723
3208 2973
3228 6427
3233 115
3247 1710
3278 5866
3285 297
3294 1729
3303 297
3303 3124
3325 121
3355 4512
3358 115
3363 5871
3369 6008
3375 399
3396 5952
3400 297
3413 5775
3414 2779
3418 263
3431 263
3457 748
3485 115
3492 115
3505 297
3522 2287
3523 1710
3555 115
3567 263
3570 297
3574 4530
3606 5823
3607 441
3607 5021
3607 5827
3607 6077
3619 748
3634 297
3645 115
3652 385
3659 115
3665 3126
3697 583
3703 115
3703 297
3735 513
3749 115
3758 115
3771 115
3785 297
3799 5027
3811 115
3812 4001
3860 302
3860 2116
3860 5118
3869 297
3879 464
3886 6638
3896 297
3899 4146
3905 3844
3909 327
3929 5953
3929 6039
3957 6185
3963 6664
3966 115
3966 297
3972 6156
3974 115
3974 297
3977 115
3990 281
3996 115
3998 3850
4014 6450
4026 297
4029 4533
4066 115
4077 6189
4092 115
4093 115
4093 297
4115 1785
4166 273
4169 1045
4174 1995
4176 115
4179 5998
4181 3669
4181 6098
4183 115
4187 115
4192 3237
4198 638
4198 1196
4198 4583
4198 4669
4219 112
4253 297
4255 115
4257 115
4275 1735
4279 655
4315 434
4397 4512
4414 4985
4453 382
4463 677
4469 1307
4483 110
4494 604
4495 394
4495 5845
4495 6136
4504 1045
4539 115
4541 1835
4543 263
4557 1469
4580 441
4590 297
4622 115
4631 3647
4649 5862
4656 4296
4666 4200
4671 1765
4671 4821
4671 6314
4696 2784
4698 3589
4704 115
4711 618
4711 4661
4711 4981
4712 464
4712 6564
4761 1450
4763 1442
4778 263
4778 297
4779 532
4783 960
4812 6034
4817 1139
4844 513
4886 297
4891 2287
4899 1765
4917 6247
4933 119
4959 768
4967 1454
4967 3628
4971 738
4971 770
4974 445
4974 613
5043 3220
5043 5832
5061 327
5062 5837
5062 6493
5066 263
5080 263
5081 1350
5081 5857
5100 358
5100 620
5101 1258
5101 6013
5105 263
5106 5773
5106 6910
5132 121
5132 2287
5140 110
5140 1998
5144 263
5189 299
5189 4212
5190 263
5202 115
5208 115
5246 115
5254 263
5254 297
5256 795
5256 3214
5277 112
5277 1533
5293 297
5301 804
5301 1196
5314 263
5347 1998
5369 115
5413 115
5461 297
5461 1196
5521 263
5521 297
5527 281
5527 1425
5568 4515
5568 5797
5576 289
5579 115
5605 297
5617 1125
5617 3124
5627 1749
5641 115
5650 48
5654 307
5655 6666
5656 5178
5666 2384
5679 5318
5680 2562
5681 5988
5683 2324
5687 115
5692 115
5696 299
5716 1455
5718 594
5729 6622
5730 6014
5733 1160
5740 104
5744 6107
5745 101
5749 5755
5761 4668
5763 3237
5765 2783
5767 115
5772 6343
5854 297
5874 3049
5875 5986
5876 7031
5877 303
5878 5015
5880 336
5886 302
5887 97
5889 6007
5890 6140
5891 382
5892 2476
5893 464
5894 5808
5896 4520
5897 566
5901 347
5902 5113
5905 6282
5911 569
5917 263
5921 97
5923 297
5924 4376
5925 363
5932 297
5933 2687
5935 4520
5938 302
5939 4135
5940 115
5954 115
5955 2379
5956 1125
5957 336
5960 1196
5962 1425
5966 1492
5967 115
5968 770
5969 112
5970 115
5971 6313
5973 6851
5974 121
5978 263
5979 1995
5981 121
5982 263
6000 647
6001 3600
6002 281
6003 115
6011 2473
6018 2115
6021 464
6025 279
6026 2215
6027 6237
6048 263
6057 115
6063 4296
6064 6920
6080 693
6082 263
6094 301
6110 1045
6122 301
6123 1425
6127 1435
6137 374
6141 1139
6152 5118
6168 263
6175 6774
6177 976
6184 297
6198 2117
6206 1425
6207 297
6212 6529
6214 263
6223 307
6226 114
6227 5931
6241 3877
6248 263
6258 513
6261 263
6265 471
6268 795
6274 7033
6276 263
6289 2052
6295 1508
6298 777
6303 263
6323 1904
6335 263
6368 6187
6371 297
6386 6066
6408 2299
6409 263
6415 2687
6422 4583
6425 115
6442 115
6444 336
6457 115
6494 2299
6536 1196
6537 1998
6538 1196
6539 6038
6541 115
6568 2299
6569 777
6585 327
6630 297
6646 1196
6675 101
6680 1030
6683 464
6694 5930
6731 681
6753 3385
6789 6244
6798 2236
6858 799
6923 5950
7001 725
7027 297
